1500.000000
1500.000000
1500.000000
1500.000000
1500.000000
1500.000000
1500.000000
1500.000000
1500.000000
1500.000000
1500.000000
1500.000000
1500.000000
1500.000000
1500.000000
1500.000000
1500.000000
1500.000000
1500.000000
1500.000000
1386.645363
1386.645363
1386.645363
1386.645363
1386.645363
1386.645363
1386.645363
1386.645363
1386.645363
1386.645363
1386.645363
1386.645363
1386.645363
1386.645363
1386.645363
1386.645363
1386.645363
1386.645363
1386.645363
1386.645363
1292.909797
1292.909797
1292.909797
1292.909797
1292.909797
1292.909797
1292.909797
1292.909797
1292.909797
1292.909797
1292.909797
1292.909797
1292.909797
1292.909797
1292.909797
1292.909797
1292.909797
1292.909797
1292.909797
1292.909797
1213.004070
1213.004070
1213.004070
1213.004070
1213.004070
1213.004070
1213.004070
1213.004070
1213.004070
1213.004070
1213.004070
1213.004070
1213.004070
1213.004070
1213.004070
1213.004070
1213.004070
1213.004070
1213.004070
1213.004070
1143.371935
1143.371935
1143.371935
1143.371935
1143.371935
1143.371935
1143.371935
1143.371935
1143.371935
1143.371935
1143.371935
1143.371935
1143.371935
1143.371935
1143.371935
1143.371935
1143.371935
1143.371935
1143.371935
1143.371935
1081.672576
1081.672576
1081.672576
1081.672576
1081.672576
1081.672576
1081.672576
1081.672576
1081.672576
1081.672576
1081.672576
1081.672576
1081.672576
1081.672576
1081.672576
1081.672576
1081.672576
1081.672576
1081.672576
1081.672576
1026.283378
1026.283378
1026.283378
1026.283378
1026.283378
1026.283378
1026.283378
1026.283378
1026.283378
1026.283378
1026.283378
1026.283378
1026.283378
1026.283378
1026.283378
1026.283378
1026.283378
1026.283378
1026.283378
1026.283378
976.033384
976.033384
976.033384
976.033384
976.033384
976.033384
976.033384
976.033384
976.033384
976.033384
976.033384
976.033384
976.033384
976.033384
976.033384
976.033384
976.033384
976.033384
976.033384
976.033384
930.049899
930.049899
930.049899
930.049899
930.049899
930.049899
930.049899
930.049899
930.049899
930.049899
930.049899
930.049899
930.049899
930.049899
930.049899
930.049899
930.049899
930.049899
930.049899
930.049899
887.665122
887.665122
887.665122
887.665122
887.665122
887.665122
887.665122
887.665122
887.665122
887.665122
887.665122
887.665122
887.665122
887.665122
887.665122
887.665122
887.665122
887.665122
887.665122
887.665122
848.356659
848.356659
848.356659
848.356659
848.356659
848.356659
848.356659
848.356659
848.356659
848.356659
848.356659
848.356659
848.356659
848.356659
848.356659
848.356659
848.356659
848.356659
848.356659
848.356659
811.708167
811.708167
811.708167
811.708167
811.708167
811.708167
811.708167
811.708167
811.708167
811.708167
811.708167
811.708167
811.708167
811.708167
811.708167
811.708167
811.708167
811.708167
811.708167
811.708167
777.382467
777.382467
777.382467
777.382467
777.382467
777.382467
777.382467
777.382467
777.382467
777.382467
777.382467
777.382467
777.382467
777.382467
777.382467
777.382467
777.382467
777.382467
777.382467
777.382467
745.102670
745.102670
745.102670
745.102670
745.102670
745.102670
745.102670
745.102670
745.102670
745.102670
745.102670
745.102670
745.102670
745.102670
745.102670
745.102670
745.102670
745.102670
745.102670
745.102670
714.638611
714.638611
714.638611
714.638611
714.638611
714.638611
714.638611
714.638611
714.638611
714.638611
714.638611
714.638611
714.638611
714.638611
714.638611
714.638611
714.638611
714.638611
714.638611
714.638611
685.796899
685.796899
685.796899
685.796899
685.796899
685.796899
685.796899
685.796899
685.796899
685.796899
685.796899
685.796899
685.796899
685.796899
685.796899
685.796899
685.796899
685.796899
685.796899
685.796899
658.413475
658.413475
658.413475
658.413475
658.413475
658.413475
658.413475
658.413475
658.413475
658.413475
658.413475
658.413475
658.413475
658.413475
658.413475
658.413475
658.413475
658.413475
658.413475
658.413475
632.347971
632.347971
632.347971
632.347971
632.347971
632.347971
632.347971
632.347971
632.347971
632.347971
632.347971
632.347971
632.347971
632.347971
632.347971
632.347971
632.347971
632.347971
632.347971
632.347971
607.479351
607.479351
607.479351
607.479351
607.479351
607.479351
607.479351
607.479351
607.479351
607.479351
607.479351
607.479351
607.479351
607.479351
607.479351
607.479351
607.479351
607.479351
607.479351
607.479351
583.702525
583.702525
583.702525
583.702525
583.702525
583.702525
583.702525
583.702525
583.702525
583.702525
583.702525
583.702525
583.702525
583.702525
583.702525
583.702525
583.702525
583.702525
583.702525
583.702525
560.925659
560.925659
560.925659
560.925659
560.925659
560.925659
560.925659
560.925659
560.925659
560.925659
560.925659
560.925659
560.925659
560.925659
560.925659
560.925659
560.925659
560.925659
560.925659
560.925659
539.068038
539.068038
539.068038
539.068038
539.068038
539.068038
539.068038
539.068038
539.068038
539.068038
539.068038
539.068038
539.068038
539.068038
539.068038
539.068038
539.068038
539.068038
539.068038
539.068038
518.058342
518.058342
518.058342
518.058342
518.058342
518.058342
518.058342
518.058342
518.058342
518.058342
518.058342
518.058342
518.058342
518.058342
518.058342
518.058342
518.058342
518.058342
518.058342
518.058342
497.833241
497.833241
497.833241
497.833241
497.833241
497.833241
497.833241
497.833241
497.833241
497.833241
497.833241
497.833241
497.833241
497.833241
497.833241
497.833241
497.833241
497.833241
497.833241
497.833241
478.336243
478.336243
478.336243
478.336243
478.336243
478.336243
478.336243
478.336243
478.336243
478.336243
478.336243
478.336243
478.336243
478.336243
478.336243
478.336243
478.336243
478.336243
478.336243
478.336243
459.516748
459.516748
459.516748
459.516748
459.516748
459.516748
459.516748
459.516748
459.516748
459.516748
459.516748
459.516748
459.516748
459.516748
459.516748
459.516748
459.516748
459.516748
459.516748
459.516748
441.329250
441.329250
441.329250
441.329250
441.329250
441.329250
441.329250
441.329250
441.329250
441.329250
441.329250
441.329250
441.329250
441.329250
441.329250
441.329250
441.329250
441.329250
441.329250
441.329250
423.732682
423.732682
423.732682
423.732682
423.732682
423.732682
423.732682
423.732682
423.732682
423.732682
423.732682
423.732682
423.732682
423.732682
423.732682
423.732682
423.732682
423.732682
423.732682
423.732682
406.689852
406.689852
406.689852
406.689852
406.689852
406.689852
406.689852
406.689852
406.689852
406.689852
406.689852
406.689852
406.689852
406.689852
406.689852
406.689852
406.689852
406.689852
406.689852
406.689852
390.166972
390.166972
390.166972
390.166972
390.166972
390.166972
390.166972
390.166972
390.166972
390.166972
390.166972
390.166972
390.166972
390.166972
390.166972
390.166972
390.166972
390.166972
390.166972
390.166972
374.133257
374.133257
374.133257
374.133257
374.133257
374.133257
374.133257
374.133257
374.133257
374.133257
374.133257
374.133257
374.133257
374.133257
374.133257
374.133257
374.133257
374.133257
374.133257
374.133257
358.560575
358.560575
358.560575
358.560575
358.560575
358.560575
358.560575
358.560575
358.560575
358.560575
358.560575
358.560575
358.560575
358.560575
358.560575
358.560575
358.560575
358.560575
358.560575
358.560575
343.423155
343.423155
343.423155
343.423155
343.423155
343.423155
343.423155
343.423155
343.423155
343.423155
343.423155
343.423155
343.423155
343.423155
343.423155
343.423155
343.423155
343.423155
343.423155
343.423155
328.697326
328.697326
328.697326
328.697326
328.697326
328.697326
328.697326
328.697326
328.697326
328.697326
328.697326
328.697326
328.697326
328.697326
328.697326
328.697326
328.697326
328.697326
328.697326
328.697326
314.361298
314.361298
314.361298
314.361298
314.361298
314.361298
314.361298
314.361298
314.361298
314.361298
314.361298
314.361298
314.361298
314.361298
314.361298
314.361298
314.361298
314.361298
314.361298
314.361298
300.394968
300.394968
300.394968
300.394968
300.394968
300.394968
300.394968
300.394968
300.394968
300.394968
300.394968
300.394968
300.394968
300.394968
300.394968
300.394968
300.394968
300.394968
300.394968
300.394968
286.779746
286.779746
286.779746
286.779746
286.779746
286.779746
286.779746
286.779746
286.779746
286.779746
286.779746
286.779746
286.779746
286.779746
286.779746
286.779746
286.779746
286.779746
286.779746
286.779746
273.498412
273.498412
273.498412
273.498412
273.498412
273.498412
273.498412
273.498412
273.498412
273.498412
273.498412
273.498412
273.498412
273.498412
273.498412
273.498412
273.498412
273.498412
273.498412
273.498412
260.534983
260.534983
260.534983
260.534983
260.534983
260.534983
260.534983
260.534983
260.534983
260.534983
260.534983
260.534983
260.534983
260.534983
260.534983
260.534983
260.534983
260.534983
260.534983
260.534983
247.874595
247.874595
247.874595
247.874595
247.874595
247.874595
247.874595
247.874595
247.874595
247.874595
247.874595
247.874595
247.874595
247.874595
247.874595
247.874595
247.874595
247.874595
247.874595
247.874595
235.503404
235.503404
235.503404
235.503404
235.503404
235.503404
235.503404
235.503404
235.503404
235.503404
235.503404
235.503404
235.503404
235.503404
235.503404
235.503404
235.503404
235.503404
235.503404
235.503404
223.408492
223.408492
223.408492
223.408492
223.408492
223.408492
223.408492
223.408492
223.408492
223.408492
223.408492
223.408492
223.408492
223.408492
223.408492
223.408492
223.408492
223.408492
223.408492
223.408492
211.577790
211.577790
211.577790
211.577790
211.577790
211.577790
211.577790
211.577790
211.577790
211.577790
211.577790
211.577790
211.577790
211.577790
211.577790
211.577790
211.577790
211.577790
211.577790
211.577790
200.000000
200.000000
200.000000
200.000000
200.000000
200.000000
200.000000
200.000000
200.000000
200.000000
200.000000
200.000000
200.000000
200.000000
200.000000
200.000000
200.000000
200.000000
200.000000
200.000000
