1500.000000
1500.000000
1500.000000
1500.000000
1500.000000
1500.000000
1500.000000
1500.000000
1500.000000
1500.000000
1500.000000
1500.000000
1500.000000
1500.000000
1500.000000
1500.000000
1500.000000
1500.000000
1500.000000
1500.000000
1395.919662
1395.919662
1395.919662
1395.919662
1395.919662
1395.919662
1395.919662
1395.919662
1395.919662
1395.919662
1395.919662
1395.919662
1395.919662
1395.919662
1395.919662
1395.919662
1395.919662
1395.919662
1395.919662
1395.919662
1308.566520
1308.566520
1308.566520
1308.566520
1308.566520
1308.566520
1308.566520
1308.566520
1308.566520
1308.566520
1308.566520
1308.566520
1308.566520
1308.566520
1308.566520
1308.566520
1308.566520
1308.566520
1308.566520
1308.566520
1233.308430
1233.308430
1233.308430
1233.308430
1233.308430
1233.308430
1233.308430
1233.308430
1233.308430
1233.308430
1233.308430
1233.308430
1233.308430
1233.308430
1233.308430
1233.308430
1233.308430
1233.308430
1233.308430
1233.308430
1167.203350
1167.203350
1167.203350
1167.203350
1167.203350
1167.203350
1167.203350
1167.203350
1167.203350
1167.203350
1167.203350
1167.203350
1167.203350
1167.203350
1167.203350
1167.203350
1167.203350
1167.203350
1167.203350
1167.203350
1108.266291
1108.266291
1108.266291
1108.266291
1108.266291
1108.266291
1108.266291
1108.266291
1108.266291
1108.266291
1108.266291
1108.266291
1108.266291
1108.266291
1108.266291
1108.266291
1108.266291
1108.266291
1108.266291
1108.266291
1055.094813
1055.094813
1055.094813
1055.094813
1055.094813
1055.094813
1055.094813
1055.094813
1055.094813
1055.094813
1055.094813
1055.094813
1055.094813
1055.094813
1055.094813
1055.094813
1055.094813
1055.094813
1055.094813
1055.094813
1006.661389
1006.661389
1006.661389
1006.661389
1006.661389
1006.661389
1006.661389
1006.661389
1006.661389
1006.661389
1006.661389
1006.661389
1006.661389
1006.661389
1006.661389
1006.661389
1006.661389
1006.661389
1006.661389
1006.661389
962.190698
962.190698
962.190698
962.190698
962.190698
962.190698
962.190698
962.190698
962.190698
962.190698
962.190698
962.190698
962.190698
962.190698
962.190698
962.190698
962.190698
962.190698
962.190698
962.190698
921.083338
921.083338
921.083338
921.083338
921.083338
921.083338
921.083338
921.083338
921.083338
921.083338
921.083338
921.083338
921.083338
921.083338
921.083338
921.083338
921.083338
921.083338
921.083338
921.083338
882.866339
882.866339
882.866339
882.866339
882.866339
882.866339
882.866339
882.866339
882.866339
882.866339
882.866339
882.866339
882.866339
882.866339
882.866339
882.866339
882.866339
882.866339
882.866339
882.866339
847.159945
847.159945
847.159945
847.159945
847.159945
847.159945
847.159945
847.159945
847.159945
847.159945
847.159945
847.159945
847.159945
847.159945
847.159945
847.159945
847.159945
847.159945
847.159945
847.159945
813.654631
813.654631
813.654631
813.654631
813.654631
813.654631
813.654631
813.654631
813.654631
813.654631
813.654631
813.654631
813.654631
813.654631
813.654631
813.654631
813.654631
813.654631
813.654631
813.654631
782.094786
782.094786
782.094786
782.094786
782.094786
782.094786
782.094786
782.094786
782.094786
782.094786
782.094786
782.094786
782.094786
782.094786
782.094786
782.094786
782.094786
782.094786
782.094786
782.094786
752.266884
752.266884
752.266884
752.266884
752.266884
752.266884
752.266884
752.266884
752.266884
752.266884
752.266884
752.266884
752.266884
752.266884
752.266884
752.266884
752.266884
752.266884
752.266884
752.266884
723.990723
723.990723
723.990723
723.990723
723.990723
723.990723
723.990723
723.990723
723.990723
723.990723
723.990723
723.990723
723.990723
723.990723
723.990723
723.990723
723.990723
723.990723
723.990723
723.990723
697.112833
697.112833
697.112833
697.112833
697.112833
697.112833
697.112833
697.112833
697.112833
697.112833
697.112833
697.112833
697.112833
697.112833
697.112833
697.112833
697.112833
697.112833
697.112833
697.112833
671.501441
671.501441
671.501441
671.501441
671.501441
671.501441
671.501441
671.501441
671.501441
671.501441
671.501441
671.501441
671.501441
671.501441
671.501441
671.501441
671.501441
671.501441
671.501441
671.501441
647.042562
647.042562
647.042562
647.042562
647.042562
647.042562
647.042562
647.042562
647.042562
647.042562
647.042562
647.042562
647.042562
647.042562
647.042562
647.042562
647.042562
647.042562
647.042562
647.042562
623.636935
623.636935
623.636935
623.636935
623.636935
623.636935
623.636935
623.636935
623.636935
623.636935
623.636935
623.636935
623.636935
623.636935
623.636935
623.636935
623.636935
623.636935
623.636935
623.636935
601.197596
601.197596
601.197596
601.197596
601.197596
601.197596
601.197596
601.197596
601.197596
601.197596
601.197596
601.197596
601.197596
601.197596
601.197596
601.197596
601.197596
601.197596
601.197596
601.197596
579.647923
579.647923
579.647923
579.647923
579.647923
579.647923
579.647923
579.647923
579.647923
579.647923
579.647923
579.647923
579.647923
579.647923
579.647923
579.647923
579.647923
579.647923
579.647923
579.647923
558.920059
558.920059
558.920059
558.920059
558.920059
558.920059
558.920059
558.920059
558.920059
558.920059
558.920059
558.920059
558.920059
558.920059
558.920059
558.920059
558.920059
558.920059
558.920059
558.920059
538.953626
538.953626
538.953626
538.953626
538.953626
538.953626
538.953626
538.953626
538.953626
538.953626
538.953626
538.953626
538.953626
538.953626
538.953626
538.953626
538.953626
538.953626
538.953626
538.953626
519.694666
519.694666
519.694666
519.694666
519.694666
519.694666
519.694666
519.694666
519.694666
519.694666
519.694666
519.694666
519.694666
519.694666
519.694666
519.694666
519.694666
519.694666
519.694666
519.694666
501.094758
501.094758
501.094758
501.094758
501.094758
501.094758
501.094758
501.094758
501.094758
501.094758
501.094758
501.094758
501.094758
501.094758
501.094758
501.094758
501.094758
501.094758
501.094758
501.094758
483.110288
483.110288
483.110288
483.110288
483.110288
483.110288
483.110288
483.110288
483.110288
483.110288
483.110288
483.110288
483.110288
483.110288
483.110288
483.110288
483.110288
483.110288
483.110288
483.110288
465.701832
465.701832
465.701832
465.701832
465.701832
465.701832
465.701832
465.701832
465.701832
465.701832
465.701832
465.701832
465.701832
465.701832
465.701832
465.701832
465.701832
465.701832
465.701832
465.701832
448.833640
448.833640
448.833640
448.833640
448.833640
448.833640
448.833640
448.833640
448.833640
448.833640
448.833640
448.833640
448.833640
448.833640
448.833640
448.833640
448.833640
448.833640
448.833640
448.833640
432.473185
432.473185
432.473185
432.473185
432.473185
432.473185
432.473185
432.473185
432.473185
432.473185
432.473185
432.473185
432.473185
432.473185
432.473185
432.473185
432.473185
432.473185
432.473185
432.473185
416.590796
416.590796
416.590796
416.590796
416.590796
416.590796
416.590796
416.590796
416.590796
416.590796
416.590796
416.590796
416.590796
416.590796
416.590796
416.590796
416.590796
416.590796
416.590796
416.590796
401.159326
401.159326
401.159326
401.159326
401.159326
401.159326
401.159326
401.159326
401.159326
401.159326
401.159326
401.159326
401.159326
401.159326
401.159326
401.159326
401.159326
401.159326
401.159326
401.159326
386.153878
386.153878
386.153878
386.153878
386.153878
386.153878
386.153878
386.153878
386.153878
386.153878
386.153878
386.153878
386.153878
386.153878
386.153878
386.153878
386.153878
386.153878
386.153878
386.153878
371.551562
371.551562
371.551562
371.551562
371.551562
371.551562
371.551562
371.551562
371.551562
371.551562
371.551562
371.551562
371.551562
371.551562
371.551562
371.551562
371.551562
371.551562
371.551562
371.551562
357.331283
357.331283
357.331283
357.331283
357.331283
357.331283
357.331283
357.331283
357.331283
357.331283
357.331283
357.331283
357.331283
357.331283
357.331283
357.331283
357.331283
357.331283
357.331283
357.331283
343.473561
343.473561
343.473561
343.473561
343.473561
343.473561
343.473561
343.473561
343.473561
343.473561
343.473561
343.473561
343.473561
343.473561
343.473561
343.473561
343.473561
343.473561
343.473561
343.473561
329.960368
329.960368
329.960368
329.960368
329.960368
329.960368
329.960368
329.960368
329.960368
329.960368
329.960368
329.960368
329.960368
329.960368
329.960368
329.960368
329.960368
329.960368
329.960368
329.960368
316.774988
316.774988
316.774988
316.774988
316.774988
316.774988
316.774988
316.774988
316.774988
316.774988
316.774988
316.774988
316.774988
316.774988
316.774988
316.774988
316.774988
316.774988
316.774988
316.774988
303.901894
303.901894
303.901894
303.901894
303.901894
303.901894
303.901894
303.901894
303.901894
303.901894
303.901894
303.901894
303.901894
303.901894
303.901894
303.901894
303.901894
303.901894
303.901894
303.901894
291.326635
291.326635
291.326635
291.326635
291.326635
291.326635
291.326635
291.326635
291.326635
291.326635
291.326635
291.326635
291.326635
291.326635
291.326635
291.326635
291.326635
291.326635
291.326635
291.326635
279.035740
279.035740
279.035740
279.035740
279.035740
279.035740
279.035740
279.035740
279.035740
279.035740
279.035740
279.035740
279.035740
279.035740
279.035740
279.035740
279.035740
279.035740
279.035740
279.035740
267.016635
267.016635
267.016635
267.016635
267.016635
267.016635
267.016635
267.016635
267.016635
267.016635
267.016635
267.016635
267.016635
267.016635
267.016635
267.016635
267.016635
267.016635
267.016635
267.016635
255.257558
255.257558
255.257558
255.257558
255.257558
255.257558
255.257558
255.257558
255.257558
255.257558
255.257558
255.257558
255.257558
255.257558
255.257558
255.257558
255.257558
255.257558
255.257558
255.257558
243.747497
243.747497
243.747497
243.747497
243.747497
243.747497
243.747497
243.747497
243.747497
243.747497
243.747497
243.747497
243.747497
243.747497
243.747497
243.747497
243.747497
243.747497
243.747497
243.747497
232.476124
232.476124
232.476124
232.476124
232.476124
232.476124
232.476124
232.476124
232.476124
232.476124
232.476124
232.476124
232.476124
232.476124
232.476124
232.476124
232.476124
232.476124
232.476124
232.476124
221.433741
221.433741
221.433741
221.433741
221.433741
221.433741
221.433741
221.433741
221.433741
221.433741
221.433741
221.433741
221.433741
221.433741
221.433741
221.433741
221.433741
221.433741
221.433741
221.433741
210.611228
210.611228
210.611228
210.611228
210.611228
210.611228
210.611228
210.611228
210.611228
210.611228
210.611228
210.611228
210.611228
210.611228
210.611228
210.611228
210.611228
210.611228
210.611228
210.611228
200.000000
200.000000
200.000000
200.000000
200.000000
200.000000
200.000000
200.000000
200.000000
200.000000
200.000000
200.000000
200.000000
200.000000
200.000000
200.000000
200.000000
200.000000
200.000000
200.000000
