1500.000000
1500.000000
1500.000000
1500.000000
1500.000000
1500.000000
1500.000000
1500.000000
1500.000000
1500.000000
1500.000000
1500.000000
1500.000000
1500.000000
1500.000000
1500.000000
1500.000000
1500.000000
1500.000000
1500.000000
1444.033888
1444.033888
1444.033888
1444.033888
1444.033888
1444.033888
1444.033888
1444.033888
1444.033888
1444.033888
1444.033888
1444.033888
1444.033888
1444.033888
1444.033888
1444.033888
1444.033888
1444.033888
1444.033888
1444.033888
1393.207521
1393.207521
1393.207521
1393.207521
1393.207521
1393.207521
1393.207521
1393.207521
1393.207521
1393.207521
1393.207521
1393.207521
1393.207521
1393.207521
1393.207521
1393.207521
1393.207521
1393.207521
1393.207521
1393.207521
1346.656269
1346.656269
1346.656269
1346.656269
1346.656269
1346.656269
1346.656269
1346.656269
1346.656269
1346.656269
1346.656269
1346.656269
1346.656269
1346.656269
1346.656269
1346.656269
1346.656269
1346.656269
1346.656269
1346.656269
1303.716753
1303.716753
1303.716753
1303.716753
1303.716753
1303.716753
1303.716753
1303.716753
1303.716753
1303.716753
1303.716753
1303.716753
1303.716753
1303.716753
1303.716753
1303.716753
1303.716753
1303.716753
1303.716753
1303.716753
1263.868881
1263.868881
1263.868881
1263.868881
1263.868881
1263.868881
1263.868881
1263.868881
1263.868881
1263.868881
1263.868881
1263.868881
1263.868881
1263.868881
1263.868881
1263.868881
1263.868881
1263.868881
1263.868881
1263.868881
1226.697359
1226.697359
1226.697359
1226.697359
1226.697359
1226.697359
1226.697359
1226.697359
1226.697359
1226.697359
1226.697359
1226.697359
1226.697359
1226.697359
1226.697359
1226.697359
1226.697359
1226.697359
1226.697359
1226.697359
1191.865303
1191.865303
1191.865303
1191.865303
1191.865303
1191.865303
1191.865303
1191.865303
1191.865303
1191.865303
1191.865303
1191.865303
1191.865303
1191.865303
1191.865303
1191.865303
1191.865303
1191.865303
1191.865303
1191.865303
1159.095672
1159.095672
1159.095672
1159.095672
1159.095672
1159.095672
1159.095672
1159.095672
1159.095672
1159.095672
1159.095672
1159.095672
1159.095672
1159.095672
1159.095672
1159.095672
1159.095672
1159.095672
1159.095672
1159.095672
1128.157884
1128.157884
1128.157884
1128.157884
1128.157884
1128.157884
1128.157884
1128.157884
1128.157884
1128.157884
1128.157884
1128.157884
1128.157884
1128.157884
1128.157884
1128.157884
1128.157884
1128.157884
1128.157884
1128.157884
1098.857978
1098.857978
1098.857978
1098.857978
1098.857978
1098.857978
1098.857978
1098.857978
1098.857978
1098.857978
1098.857978
1098.857978
1098.857978
1098.857978
1098.857978
1098.857978
1098.857978
1098.857978
1098.857978
1098.857978
1071.031252
1071.031252
1071.031252
1071.031252
1071.031252
1071.031252
1071.031252
1071.031252
1071.031252
1071.031252
1071.031252
1071.031252
1071.031252
1071.031252
1071.031252
1071.031252
1071.031252
1071.031252
1071.031252
1071.031252
1044.536657
1044.536657
1044.536657
1044.536657
1044.536657
1044.536657
1044.536657
1044.536657
1044.536657
1044.536657
1044.536657
1044.536657
1044.536657
1044.536657
1044.536657
1044.536657
1044.536657
1044.536657
1044.536657
1044.536657
1019.252474
1019.252474
1019.252474
1019.252474
1019.252474
1019.252474
1019.252474
1019.252474
1019.252474
1019.252474
1019.252474
1019.252474
1019.252474
1019.252474
1019.252474
1019.252474
1019.252474
1019.252474
1019.252474
1019.252474
995.072940
995.072940
995.072940
995.072940
995.072940
995.072940
995.072940
995.072940
995.072940
995.072940
995.072940
995.072940
995.072940
995.072940
995.072940
995.072940
995.072940
995.072940
995.072940
995.072940
971.905573
971.905573
971.905573
971.905573
971.905573
971.905573
971.905573
971.905573
971.905573
971.905573
971.905573
971.905573
971.905573
971.905573
971.905573
971.905573
971.905573
971.905573
971.905573
971.905573
949.669038
949.669038
949.669038
949.669038
949.669038
949.669038
949.669038
949.669038
949.669038
949.669038
949.669038
949.669038
949.669038
949.669038
949.669038
949.669038
949.669038
949.669038
949.669038
949.669038
928.291424
928.291424
928.291424
928.291424
928.291424
928.291424
928.291424
928.291424
928.291424
928.291424
928.291424
928.291424
928.291424
928.291424
928.291424
928.291424
928.291424
928.291424
928.291424
928.291424
907.708846
907.708846
907.708846
907.708846
907.708846
907.708846
907.708846
907.708846
907.708846
907.708846
907.708846
907.708846
907.708846
907.708846
907.708846
907.708846
907.708846
907.708846
907.708846
907.708846
887.864288
887.864288
887.864288
887.864288
887.864288
887.864288
887.864288
887.864288
887.864288
887.864288
887.864288
887.864288
887.864288
887.864288
887.864288
887.864288
887.864288
887.864288
887.864288
887.864288
868.706658
868.706658
868.706658
868.706658
868.706658
868.706658
868.706658
868.706658
868.706658
868.706658
868.706658
868.706658
868.706658
868.706658
868.706658
868.706658
868.706658
868.706658
868.706658
868.706658
850.189989
850.189989
850.189989
850.189989
850.189989
850.189989
850.189989
850.189989
850.189989
850.189989
850.189989
850.189989
850.189989
850.189989
850.189989
850.189989
850.189989
850.189989
850.189989
850.189989
832.272780
832.272780
832.272780
832.272780
832.272780
832.272780
832.272780
832.272780
832.272780
832.272780
832.272780
832.272780
832.272780
832.272780
832.272780
832.272780
832.272780
832.272780
832.272780
832.272780
814.917436
814.917436
814.917436
814.917436
814.917436
814.917436
814.917436
814.917436
814.917436
814.917436
814.917436
814.917436
814.917436
814.917436
814.917436
814.917436
814.917436
814.917436
814.917436
814.917436
798.089787
798.089787
798.089787
798.089787
798.089787
798.089787
798.089787
798.089787
798.089787
798.089787
798.089787
798.089787
798.089787
798.089787
798.089787
798.089787
798.089787
798.089787
798.089787
798.089787
781.758692
781.758692
781.758692
781.758692
781.758692
781.758692
781.758692
781.758692
781.758692
781.758692
781.758692
781.758692
781.758692
781.758692
781.758692
781.758692
781.758692
781.758692
781.758692
781.758692
765.895686
765.895686
765.895686
765.895686
765.895686
765.895686
765.895686
765.895686
765.895686
765.895686
765.895686
765.895686
765.895686
765.895686
765.895686
765.895686
765.895686
765.895686
765.895686
765.895686
750.474683
750.474683
750.474683
750.474683
750.474683
750.474683
750.474683
750.474683
750.474683
750.474683
750.474683
750.474683
750.474683
750.474683
750.474683
750.474683
750.474683
750.474683
750.474683
750.474683
735.471719
735.471719
735.471719
735.471719
735.471719
735.471719
735.471719
735.471719
735.471719
735.471719
735.471719
735.471719
735.471719
735.471719
735.471719
735.471719
735.471719
735.471719
735.471719
735.471719
720.864728
720.864728
720.864728
720.864728
720.864728
720.864728
720.864728
720.864728
720.864728
720.864728
720.864728
720.864728
720.864728
720.864728
720.864728
720.864728
720.864728
720.864728
720.864728
720.864728
706.633346
706.633346
706.633346
706.633346
706.633346
706.633346
706.633346
706.633346
706.633346
706.633346
706.633346
706.633346
706.633346
706.633346
706.633346
706.633346
706.633346
706.633346
706.633346
706.633346
692.758738
692.758738
692.758738
692.758738
692.758738
692.758738
692.758738
692.758738
692.758738
692.758738
692.758738
692.758738
692.758738
692.758738
692.758738
692.758738
692.758738
692.758738
692.758738
692.758738
679.223456
679.223456
679.223456
679.223456
679.223456
679.223456
679.223456
679.223456
679.223456
679.223456
679.223456
679.223456
679.223456
679.223456
679.223456
679.223456
679.223456
679.223456
679.223456
679.223456
666.011297
666.011297
666.011297
666.011297
666.011297
666.011297
666.011297
666.011297
666.011297
666.011297
666.011297
666.011297
666.011297
666.011297
666.011297
666.011297
666.011297
666.011297
666.011297
666.011297
653.107193
653.107193
653.107193
653.107193
653.107193
653.107193
653.107193
653.107193
653.107193
653.107193
653.107193
653.107193
653.107193
653.107193
653.107193
653.107193
653.107193
653.107193
653.107193
653.107193
640.497108
640.497108
640.497108
640.497108
640.497108
640.497108
640.497108
640.497108
640.497108
640.497108
640.497108
640.497108
640.497108
640.497108
640.497108
640.497108
640.497108
640.497108
640.497108
640.497108
628.167939
628.167939
628.167939
628.167939
628.167939
628.167939
628.167939
628.167939
628.167939
628.167939
628.167939
628.167939
628.167939
628.167939
628.167939
628.167939
628.167939
628.167939
628.167939
628.167939
616.107446
616.107446
616.107446
616.107446
616.107446
616.107446
616.107446
616.107446
616.107446
616.107446
616.107446
616.107446
616.107446
616.107446
616.107446
616.107446
616.107446
616.107446
616.107446
616.107446
604.304166
604.304166
604.304166
604.304166
604.304166
604.304166
604.304166
604.304166
604.304166
604.304166
604.304166
604.304166
604.304166
604.304166
604.304166
604.304166
604.304166
604.304166
604.304166
604.304166
592.747359
592.747359
592.747359
592.747359
592.747359
592.747359
592.747359
592.747359
592.747359
592.747359
592.747359
592.747359
592.747359
592.747359
592.747359
592.747359
592.747359
592.747359
592.747359
592.747359
581.426941
581.426941
581.426941
581.426941
581.426941
581.426941
581.426941
581.426941
581.426941
581.426941
581.426941
581.426941
581.426941
581.426941
581.426941
581.426941
581.426941
581.426941
581.426941
581.426941
570.333435
570.333435
570.333435
570.333435
570.333435
570.333435
570.333435
570.333435
570.333435
570.333435
570.333435
570.333435
570.333435
570.333435
570.333435
570.333435
570.333435
570.333435
570.333435
570.333435
559.457924
559.457924
559.457924
559.457924
559.457924
559.457924
559.457924
559.457924
559.457924
559.457924
559.457924
559.457924
559.457924
559.457924
559.457924
559.457924
559.457924
559.457924
559.457924
559.457924
548.792006
548.792006
548.792006
548.792006
548.792006
548.792006
548.792006
548.792006
548.792006
548.792006
548.792006
548.792006
548.792006
548.792006
548.792006
548.792006
548.792006
548.792006
548.792006
548.792006
538.327754
538.327754
538.327754
538.327754
538.327754
538.327754
538.327754
538.327754
538.327754
538.327754
538.327754
538.327754
538.327754
538.327754
538.327754
538.327754
538.327754
538.327754
538.327754
538.327754
528.057684
528.057684
528.057684
528.057684
528.057684
528.057684
528.057684
528.057684
528.057684
528.057684
528.057684
528.057684
528.057684
528.057684
528.057684
528.057684
528.057684
528.057684
528.057684
528.057684
517.974720
517.974720
517.974720
517.974720
517.974720
517.974720
517.974720
517.974720
517.974720
517.974720
517.974720
517.974720
517.974720
517.974720
517.974720
517.974720
517.974720
517.974720
517.974720
517.974720
508.072168
508.072168
508.072168
508.072168
508.072168
508.072168
508.072168
508.072168
508.072168
508.072168
508.072168
508.072168
508.072168
508.072168
508.072168
508.072168
508.072168
508.072168
508.072168
508.072168
498.343684
498.343684
498.343684
498.343684
498.343684
498.343684
498.343684
498.343684
498.343684
498.343684
498.343684
498.343684
498.343684
498.343684
498.343684
498.343684
498.343684
498.343684
498.343684
498.343684
488.783254
488.783254
488.783254
488.783254
488.783254
488.783254
488.783254
488.783254
488.783254
488.783254
488.783254
488.783254
488.783254
488.783254
488.783254
488.783254
488.783254
488.783254
488.783254
488.783254
479.385171
479.385171
479.385171
479.385171
479.385171
479.385171
479.385171
479.385171
479.385171
479.385171
479.385171
479.385171
479.385171
479.385171
479.385171
479.385171
479.385171
479.385171
479.385171
479.385171
470.144013
470.144013
470.144013
470.144013
470.144013
470.144013
470.144013
470.144013
470.144013
470.144013
470.144013
470.144013
470.144013
470.144013
470.144013
470.144013
470.144013
470.144013
470.144013
470.144013
461.054626
461.054626
461.054626
461.054626
461.054626
461.054626
461.054626
461.054626
461.054626
461.054626
461.054626
461.054626
461.054626
461.054626
461.054626
461.054626
461.054626
461.054626
461.054626
461.054626
452.112106
452.112106
452.112106
452.112106
452.112106
452.112106
452.112106
452.112106
452.112106
452.112106
452.112106
452.112106
452.112106
452.112106
452.112106
452.112106
452.112106
452.112106
452.112106
452.112106
443.311781
443.311781
443.311781
443.311781
443.311781
443.311781
443.311781
443.311781
443.311781
443.311781
443.311781
443.311781
443.311781
443.311781
443.311781
443.311781
443.311781
443.311781
443.311781
443.311781
434.649200
434.649200
434.649200
434.649200
434.649200
434.649200
434.649200
434.649200
434.649200
434.649200
434.649200
434.649200
434.649200
434.649200
434.649200
434.649200
434.649200
434.649200
434.649200
434.649200
426.120118
426.120118
426.120118
426.120118
426.120118
426.120118
426.120118
426.120118
426.120118
426.120118
426.120118
426.120118
426.120118
426.120118
426.120118
426.120118
426.120118
426.120118
426.120118
426.120118
417.720482
417.720482
417.720482
417.720482
417.720482
417.720482
417.720482
417.720482
417.720482
417.720482
417.720482
417.720482
417.720482
417.720482
417.720482
417.720482
417.720482
417.720482
417.720482
417.720482
409.446423
409.446423
409.446423
409.446423
409.446423
409.446423
409.446423
409.446423
409.446423
409.446423
409.446423
409.446423
409.446423
409.446423
409.446423
409.446423
409.446423
409.446423
409.446423
409.446423
401.294239
401.294239
401.294239
401.294239
401.294239
401.294239
401.294239
401.294239
401.294239
401.294239
401.294239
401.294239
401.294239
401.294239
401.294239
401.294239
401.294239
401.294239
401.294239
401.294239
393.260394
393.260394
393.260394
393.260394
393.260394
393.260394
393.260394
393.260394
393.260394
393.260394
393.260394
393.260394
393.260394
393.260394
393.260394
393.260394
393.260394
393.260394
393.260394
393.260394
385.341501
385.341501
385.341501
385.341501
385.341501
385.341501
385.341501
385.341501
385.341501
385.341501
385.341501
385.341501
385.341501
385.341501
385.341501
385.341501
385.341501
385.341501
385.341501
385.341501
377.534316
377.534316
377.534316
377.534316
377.534316
377.534316
377.534316
377.534316
377.534316
377.534316
377.534316
377.534316
377.534316
377.534316
377.534316
377.534316
377.534316
377.534316
377.534316
377.534316
369.835732
369.835732
369.835732
369.835732
369.835732
369.835732
369.835732
369.835732
369.835732
369.835732
369.835732
369.835732
369.835732
369.835732
369.835732
369.835732
369.835732
369.835732
369.835732
369.835732
362.242768
362.242768
362.242768
362.242768
362.242768
362.242768
362.242768
362.242768
362.242768
362.242768
362.242768
362.242768
362.242768
362.242768
362.242768
362.242768
362.242768
362.242768
362.242768
362.242768
354.752567
354.752567
354.752567
354.752567
354.752567
354.752567
354.752567
354.752567
354.752567
354.752567
354.752567
354.752567
354.752567
354.752567
354.752567
354.752567
354.752567
354.752567
354.752567
354.752567
347.362383
347.362383
347.362383
347.362383
347.362383
347.362383
347.362383
347.362383
347.362383
347.362383
347.362383
347.362383
347.362383
347.362383
347.362383
347.362383
347.362383
347.362383
347.362383
347.362383
340.069581
340.069581
340.069581
340.069581
340.069581
340.069581
340.069581
340.069581
340.069581
340.069581
340.069581
340.069581
340.069581
340.069581
340.069581
340.069581
340.069581
340.069581
340.069581
340.069581
332.871627
332.871627
332.871627
332.871627
332.871627
332.871627
332.871627
332.871627
332.871627
332.871627
332.871627
332.871627
332.871627
332.871627
332.871627
332.871627
332.871627
332.871627
332.871627
332.871627
325.766087
325.766087
325.766087
325.766087
325.766087
325.766087
325.766087
325.766087
325.766087
325.766087
325.766087
325.766087
325.766087
325.766087
325.766087
325.766087
325.766087
325.766087
325.766087
325.766087
318.750616
318.750616
318.750616
318.750616
318.750616
318.750616
318.750616
318.750616
318.750616
318.750616
318.750616
318.750616
318.750616
318.750616
318.750616
318.750616
318.750616
318.750616
318.750616
318.750616
311.822961
311.822961
311.822961
311.822961
311.822961
311.822961
311.822961
311.822961
311.822961
311.822961
311.822961
311.822961
311.822961
311.822961
311.822961
311.822961
311.822961
311.822961
311.822961
311.822961
304.980950
304.980950
304.980950
304.980950
304.980950
304.980950
304.980950
304.980950
304.980950
304.980950
304.980950
304.980950
304.980950
304.980950
304.980950
304.980950
304.980950
304.980950
304.980950
304.980950
298.222492
298.222492
298.222492
298.222492
298.222492
298.222492
298.222492
298.222492
298.222492
298.222492
298.222492
298.222492
298.222492
298.222492
298.222492
298.222492
298.222492
298.222492
298.222492
298.222492
291.545570
291.545570
291.545570
291.545570
291.545570
291.545570
291.545570
291.545570
291.545570
291.545570
291.545570
291.545570
291.545570
291.545570
291.545570
291.545570
291.545570
291.545570
291.545570
291.545570
284.948240
284.948240
284.948240
284.948240
284.948240
284.948240
284.948240
284.948240
284.948240
284.948240
284.948240
284.948240
284.948240
284.948240
284.948240
284.948240
284.948240
284.948240
284.948240
284.948240
278.428627
278.428627
278.428627
278.428627
278.428627
278.428627
278.428627
278.428627
278.428627
278.428627
278.428627
278.428627
278.428627
278.428627
278.428627
278.428627
278.428627
278.428627
278.428627
278.428627
271.984922
271.984922
271.984922
271.984922
271.984922
271.984922
271.984922
271.984922
271.984922
271.984922
271.984922
271.984922
271.984922
271.984922
271.984922
271.984922
271.984922
271.984922
271.984922
271.984922
265.615378
265.615378
265.615378
265.615378
265.615378
265.615378
265.615378
265.615378
265.615378
265.615378
265.615378
265.615378
265.615378
265.615378
265.615378
265.615378
265.615378
265.615378
265.615378
265.615378
259.318306
259.318306
259.318306
259.318306
259.318306
259.318306
259.318306
259.318306
259.318306
259.318306
259.318306
259.318306
259.318306
259.318306
259.318306
259.318306
259.318306
259.318306
259.318306
259.318306
253.092076
253.092076
253.092076
253.092076
253.092076
253.092076
253.092076
253.092076
253.092076
253.092076
253.092076
253.092076
253.092076
253.092076
253.092076
253.092076
253.092076
253.092076
253.092076
253.092076
246.935112
246.935112
246.935112
246.935112
246.935112
246.935112
246.935112
246.935112
246.935112
246.935112
246.935112
246.935112
246.935112
246.935112
246.935112
246.935112
246.935112
246.935112
246.935112
246.935112
240.845889
240.845889
240.845889
240.845889
240.845889
240.845889
240.845889
240.845889
240.845889
240.845889
240.845889
240.845889
240.845889
240.845889
240.845889
240.845889
240.845889
240.845889
240.845889
240.845889
234.822934
234.822934
234.822934
234.822934
234.822934
234.822934
234.822934
234.822934
234.822934
234.822934
234.822934
234.822934
234.822934
234.822934
234.822934
234.822934
234.822934
234.822934
234.822934
234.822934
228.864819
228.864819
228.864819
228.864819
228.864819
228.864819
228.864819
228.864819
228.864819
228.864819
228.864819
228.864819
228.864819
228.864819
228.864819
228.864819
228.864819
228.864819
228.864819
228.864819
222.970164
222.970164
222.970164
222.970164
222.970164
222.970164
222.970164
222.970164
222.970164
222.970164
222.970164
222.970164
222.970164
222.970164
222.970164
222.970164
222.970164
222.970164
222.970164
222.970164
217.137630
217.137630
217.137630
217.137630
217.137630
217.137630
217.137630
217.137630
217.137630
217.137630
217.137630
217.137630
217.137630
217.137630
217.137630
217.137630
217.137630
217.137630
217.137630
217.137630
211.365922
211.365922
211.365922
211.365922
211.365922
211.365922
211.365922
211.365922
211.365922
211.365922
211.365922
211.365922
211.365922
211.365922
211.365922
211.365922
211.365922
211.365922
211.365922
211.365922
205.653784
205.653784
205.653784
205.653784
205.653784
205.653784
205.653784
205.653784
205.653784
205.653784
205.653784
205.653784
205.653784
205.653784
205.653784
205.653784
205.653784
205.653784
205.653784
205.653784
200.000000
200.000000
200.000000
200.000000
200.000000
200.000000
200.000000
200.000000
200.000000
200.000000
200.000000
200.000000
200.000000
200.000000
200.000000
200.000000
200.000000
200.000000
200.000000
200.000000
