4 5 70
30 30
40.862069
40.862069
40.862069
40.862069
40.862069
40.862069
40.862069
40.862069
40.862069
40.862069
43.103448
43.103448
45.344828
47.586207
47.586207
45.344828
43.103448
43.103448
45.344828
47.586207
49.827586
49.827586
45.344828
45.344828
45.344828
45.344828
43.103448
43.103448
43.103448
40.862069
40 30
40.000000
40.000000
40.000000
40.000000
40.000000
40.000000
40.000000
40.000000
40.000000
41.666667
43.333333
45.000000
45.000000
48.333333
48.333333
45.000000
43.333333
43.333333
45.000000
48.333333
50.000000
50.000000
46.666667
45.000000
46.666667
46.666667
43.333333
43.333333
41.666667
41.666667
50 30
40.816327
39.489796
39.489796
40.816327
40.816327
40.816327
39.489796
39.489796
40.816327
40.816327
43.469388
44.795918
46.122449
47.448980
47.448980
44.795918
43.469388
43.469388
44.795918
48.775510
50.102041
48.775510
46.122449
44.795918
46.122449
46.122449
44.795918
42.142857
42.142857
42.142857
60 30
40.254237
40.254237
40.254237
40.254237
40.254237
40.254237
40.254237
40.254237
40.254237
41.355932
42.457627
44.661017
45.762712
47.966102
47.966102
45.762712
43.559322
43.559322
44.661017
47.966102
50.169492
49.067797
46.864407
44.661017
46.864407
46.864407
44.661017
42.457627
42.457627
41.355932
