550 3837
19750512 127 3 148 1
19750512 260 3 1 1
19750512 99 3 262 1
19750512 297 3 18 1
19750512 23 3 470 1
19750512 312 3 230 1
19750512 204 3 250 1
19750512 16 3 339 1
19750512 164 3 187 1
19750512 252 3 73 1
19750512 45 3 68 1
19750512 201 3 184 1
19750512 385 3 292 1
19750512 132 3 373 1
19750512 127 3 332 1
19750512 260 3 77 1
19750512 28 3 99 1
19750512 297 3 197 1
19750512 104 3 23 1
19750512 312 3 79 1
19750512 204 3 206 1
19750512 16 3 334 1
19750512 155 3 131 1
19750512 164 3 181 1
19750512 252 3 330 1
19750512 264 3 45 1
19750512 201 3 193 1
19750512 385 3 227 1
19750512 144 3 132 1
19750512 127 3 260 1
19750512 28 3 297 1
19750512 225 3 104 1
19750512 312 3 204 1
19750512 155 3 16 1
19750512 252 3 164 1
19750512 264 3 201 1
19750512 144 3 385 1
19750512 127 3 28 1
19750512 225 3 312 1
19750512 252 3 155 1
19750512 264 3 144 1
19750512 225 3 127 1
19750512 252 3 264 1
19750512 225 3 252 1
19750217 34 3 69 1
19750217 326 3 385 1
19750217 45 3 104 1
19750217 37 3 479 1
19750217 213 3 248 1
19750217 132 3 79 1
19750217 197 3 286 1
19750217 36 3 17 1
19750217 78 3 353 1
19750217 214 3 106 1
19750217 260 3 225 1
19750217 252 3 187 1
19750217 1 3 22 1
19750217 332 3 202 1
19750217 128 3 334 1
19750217 19 3 257 1
19750217 34 3 326 1
19750217 37 3 45 1
19750217 213 3 132 1
19750217 197 3 36 1
19750217 214 3 78 1
19750217 252 3 260 1
19750217 332 3 1 1
19750217 19 3 128 1
19750217 34 3 37 1
19750217 197 3 213 1
19750217 252 3 214 1
19750217 19 3 332 1
19750217 34 3 197 1
19750217 19 3 252 1
19750217 19 3 34 1
19750818 212 3 244 1
19750818 207 3 57 1
19750818 192 3 219 1
19750818 369 3 334 1
19750818 42 3 164 1
19750818 128 3 135 1
19750818 28 3 78 1
19750818 12 3 18 1
19750818 349 3 98 1
19750818 170 3 35 1
19750818 208 3 230 1
19750818 326 3 187 1
19750818 364 3 193 1
19750818 241 3 67 1
19750818 301 3 104 1
19750818 328 3 212 1
19750818 207 3 192 1
19750818 369 3 42 1
19750818 28 3 128 1
19750818 349 3 12 1
19750818 170 3 208 1
19750818 326 3 364 1
19750818 301 3 241 1
19750818 328 3 207 1
19750818 369 3 28 1
19750818 349 3 170 1
19750818 301 3 326 1
19750818 369 3 328 1
19750818 301 3 349 1
19750818 369 3 301 1
19741221 173 3 364 1
19741221 125 3 162 1
19741221 213 3 122 1
19741221 133 3 282 1
19741221 180 3 229 1
19741221 7 3 186 1
19741221 181 3 398 1
19741221 78 3 291 1
19741221 5 3 232 1
19741221 65 3 94 1
19741221 278 3 178 1
19741221 358 3 67 1
19741221 110 3 101 1
19741221 36 3 506 1
19741221 35 3 324 1
19741221 190 3 313 1
19741221 173 3 125 1
19741221 213 3 133 1
19741221 180 3 7 1
19741221 78 3 181 1
19741221 5 3 65 1
19741221 358 3 278 1
19741221 110 3 36 1
19741221 190 3 35 1
19741221 173 3 213 1
19741221 78 3 180 1
19741221 358 3 5 1
19741221 190 3 110 1
19741221 173 3 78 1
19741221 190 3 358 1
19741221 190 3 173 1
19750317 309 3 67 1
19750317 338 3 54 1
19750317 147 3 262 1
19750317 110 3 254 1
19750317 168 3 303 1
19750317 151 3 195 1
19750317 40 3 204 1
19750317 14 3 171 1
19750317 7 3 343 1
19750317 41 3 141 1
19750317 5 3 148 1
19750317 318 3 319 1
19750317 309 3 338 1
19750317 147 3 291 1
19750317 292 3 110 1
19750317 168 3 151 1
19750317 288 3 40 1
19750317 7 3 14 1
19750317 320 3 41 1
19750317 318 3 5 1
19750317 309 3 147 1
19750317 168 3 292 1
19750317 288 3 7 1
19750317 318 3 320 1
19750317 309 3 168 1
19750317 288 3 318 1
19750317 309 3 288 1
19750304 155 3 207 1
19750304 1 3 106 1
19750304 385 3 252 1
19750304 228 3 254 1
19750304 40 3 14 1
19750304 248 3 312 1
19750304 175 3 257 1
19750304 128 3 214 1
19750304 155 3 1 1
19750304 228 3 385 1
19750304 40 3 248 1
19750304 175 3 128 1
19750304 228 3 155 1
19750304 40 3 175 1
19750304 228 3 40 1
19750421 228 3 244 1
19750421 87 3 35 1
19750421 356 3 349 1
19750421 369 3 328 1
19750421 282 3 266 1
19750421 256 3 123 1
19750421 64 3 241 1
19750421 205 3 81 1
19750421 134 3 115 1
19750421 125 3 348 1
19750421 384 3 321 1
19750421 301 3 93 1
19750421 66 3 12 1
19750421 210 3 23 1
19750421 233 3 409 1
19750421 180 3 135 1
19750421 87 3 228 1
19750421 369 3 356 1
19750421 282 3 256 1
19750421 64 3 205 1
19750421 134 3 125 1
19750421 301 3 384 1
19750421 210 3 66 1
19750421 180 3 233 1
19750421 369 3 87 1
19750421 64 3 282 1
19750421 134 3 301 1
19750421 210 3 180 1
19750421 64 3 369 1
19750421 210 3 134 1
19750421 210 3 64 1
19750414 309 3 262 1
19750414 40 3 110 1
19750414 151 3 14 1
19750414 41 3 303 1
19750414 67 3 171 1
19750414 300 3 5 1
19750414 288 3 338 1
19750414 371 3 254 1
19750414 148 3 320 1
19750414 291 3 319 1
19750414 323 3 7 1
19750414 173 3 168 1
19750414 292 3 54 1
19750414 343 3 35 1
19750414 147 3 309 1
19750414 151 3 40 1
19750414 41 3 67 1
19750414 288 3 300 1
19750414 371 3 148 1
19750414 323 3 291 1
19750414 173 3 292 1
19750414 343 3 318 1
19750414 147 3 151 1
19750414 41 3 288 1
19750414 323 3 371 1
19750414 173 3 343 1
19750414 41 3 147 1
19750414 173 3 323 1
19750414 173 3 41 1
19750510 257 3 425 1
19750510 49 3 165 1
19750510 91 3 100 1
19750510 313 3 261 1
19750510 294 3 69 1
19750510 152 3 491 1
19750510 24 3 434 1
19750510 285 3 250 1
19750510 283 3 123 1
19750510 370 3 17 1
19750510 75 3 242 1
19750510 114 3 68 1
19750510 287 3 468 1
19750510 310 3 230 1
19750510 96 3 525 1
19750510 1 3 115 1
19750510 257 3 49 1
19750510 91 3 313 1
19750510 294 3 152 1
19750510 24 3 285 1
19750510 370 3 283 1
19750510 114 3 75 1
19750510 287 3 310 1
19750510 1 3 96 1
19750510 257 3 91 1
19750510 294 3 24 1
19750510 114 3 370 1
19750510 287 3 1 1
19750510 257 3 294 1
19750510 114 3 287 1
19750510 257 3 114 1
19750707 210 3 27 1
19750707 49 3 246 1
19750707 168 3 131 1
19750707 68 3 23 1
19750707 180 3 79 1
19750707 115 3 128 1
19750707 148 3 359 1
19750707 164 3 141 1
19750707 208 3 499 1
19750707 227 3 123 1
19750707 312 3 219 1
19750707 248 3 299 1
19750707 207 3 178 1
19750707 206 3 276 1
19750707 127 3 211 1
19750707 210 3 49 1
19750707 168 3 68 1
19750707 148 3 115 1
19750707 208 3 164 1
19750707 227 3 312 1
19750707 248 3 207 1
19750707 127 3 206 1
19750707 210 3 168 1
19750707 208 3 227 1
19750707 127 3 248 1
19750707 208 3 127 1
19750707 210 3 208 1
19750720 127 3 276 1
19750720 187 3 220 1
19750720 207 3 232 1
19750720 78 3 219 1
19750720 244 3 227 1
19750720 368 3 204 1
19750720 380 3 23 1
19750720 148 3 264 1
19750720 132 3 114 1
19750720 246 3 312 1
19750720 385 3 260 1
19750720 128 3 315 1
19750720 248 3 141 1
19750720 99 3 250 1
19750720 127 3 187 1
19750720 207 3 78 1
19750720 147 3 244 1
19750720 368 3 380 1
19750720 364 3 148 1
19750720 246 3 132 1
19750720 385 3 128 1
19750720 99 3 248 1
19750720 127 3 207 1
19750720 368 3 147 1
19750720 364 3 246 1
19750720 385 3 99 1
19750720 127 3 368 1
19750720 385 3 364 1
19750720 127 3 385 1
19750707 34 3 292 1
19750707 315 3 91 1
19750707 343 3 450 1
19750707 33 3 326 1
19750707 201 3 241 1
19750707 15 3 362 1
19750707 197 3 18 1
19750707 85 3 104 1
19750707 69 3 187 1
19750707 35 3 214 1
19750707 368 3 11 1
19750707 147 3 287 1
19750707 16 3 160 1
19750707 264 3 28 1
19750707 314 3 254 1
19750707 225 3 339 1
19750707 34 3 315 1
19750707 343 3 33 1
19750707 201 3 15 1
19750707 197 3 85 1
19750707 69 3 35 1
19750707 147 3 368 1
19750707 264 3 16 1
19750707 225 3 314 1
19750707 343 3 34 1
19750707 197 3 201 1
19750707 69 3 147 1
19750707 225 3 264 1
19750707 197 3 343 1
19750707 225 3 69 1
19750707 225 3 197 1
19750713 155 3 236 1
19750713 114 3 433 1
19750713 78 3 385 1
19750713 132 3 195 1
19750713 204 3 99 1
19750713 364 3 67 1
19750713 257 3 184 1
19750713 161 3 267 1
19750713 133 3 244 1
19750713 1 3 335 1
19750713 22 3 250 1
19750713 279 3 21 1
19750713 175 3 65 1
19750713 380 3 17 1
19750713 252 3 100 1
19750713 155 3 114 1
19750713 132 3 78 1
19750713 364 3 204 1
19750713 161 3 257 1
19750713 1 3 133 1
19750713 22 3 260 1
19750713 175 3 279 1
19750713 380 3 252 1
19750713 155 3 132 1
19750713 364 3 161 1
19750713 1 3 22 1
19750713 380 3 175 1
19750713 155 3 364 1
19750713 1 3 380 1
19750713 1 3 155 1
19751117 23 3 28 1
19751117 87 3 439 1
19751117 106 3 77 1
19751117 48 3 469 1
19751117 252 3 399 1
19751117 292 3 312 1
19751117 151 3 303 1
19751117 41 3 128 1
19751117 1 3 113 1
19751117 19 3 74 1
19751117 258 3 68 1
19751117 208 3 416 1
19751117 193 3 23 1
19751117 87 3 54 1
19751117 106 3 289 1
19751117 134 3 48 1
19751117 265 3 496 1
19751117 292 3 37 1
19751117 45 3 151 1
19751117 41 3 421 1
19751117 14 3 35 1
19751117 1 3 498 1
19751117 258 3 19 1
19751117 208 3 193 1
19751117 106 3 87 1
19751117 134 3 326 1
19751117 252 3 265 1
19751117 292 3 45 1
19751117 41 3 40 1
19751117 14 3 1 1
19751117 208 3 258 1
19751117 134 3 106 1
19751117 252 3 292 1
19751117 41 3 14 1
19751117 134 3 208 1
19751117 41 3 252 1
19751117 134 3 41 1
19750826 173 3 168 1
19750826 78 3 187 1
19750826 369 3 315 1
19750826 246 3 299 1
19750826 319 3 214 1
19750826 292 3 326 1
19750826 37 3 232 1
19750826 63 3 185 1
19750826 20 3 144 1
19750826 110 3 133 1
19750826 186 3 275 1
19750826 367 3 323 1
19750826 137 3 548 1
19750826 22 3 193 1
19750826 67 3 266 1
19750826 144 3 20 1
19750826 173 3 78 1
19750826 369 3 246 1
19750826 292 3 319 1
19750826 37 3 63 1
19750826 20 3 110 1
19750826 367 3 186 1
19750826 22 3 137 1
19750826 144 3 67 1
19750826 369 3 173 1
19750826 37 3 292 1
19750826 20 3 367 1
19750826 144 3 22 1
19750826 37 3 369 1
19750826 144 3 20 1
19750826 144 3 37 1
19750804 186 3 395 1
19750804 182 3 299 1
19750804 368 3 95 1
19750804 78 3 141 1
19750804 102 3 100 1
19750804 115 3 18 1
19750804 217 3 168 1
19750804 250 3 112 1
19750804 67 3 230 1
19750804 131 3 134 1
19750804 68 3 219 1
19750804 123 3 426 1
19750804 214 3 47 1
19750804 180 3 184 1
19750804 23 3 195 1
19750804 232 3 459 1
19750804 173 3 186 1
19750804 246 3 182 1
19750804 368 3 282 1
19750804 78 3 381 1
19750804 309 3 102 1
19750804 115 3 135 1
19750804 187 3 217 1
19750804 250 3 339 1
19750804 292 3 67 1
19750804 131 3 177 1
19750804 68 3 264 1
19750804 144 3 123 1
19750804 214 3 377 1
19750804 180 3 93 1
19750804 23 3 193 1
19750804 210 3 232 1
19750804 173 3 246 1
19750804 368 3 78 1
19750804 309 3 115 1
19750804 250 3 187 1
19750804 292 3 131 1
19750804 144 3 68 1
19750804 180 3 214 1
19750804 210 3 23 1
19750804 173 3 368 1
19750804 309 3 250 1
19750804 144 3 292 1
19750804 210 3 180 1
19750804 173 3 309 1
19750804 210 3 144 1
19750804 173 3 210 1
19751115 19 3 123 1
19751115 332 3 171 1
19751115 87 3 300 1
19751115 54 3 214 1
19751115 155 3 330 1
19751115 312 3 339 1
19751115 45 3 318 1
19751115 292 3 230 1
19751115 135 3 184 1
19751115 33 3 327 1
19751115 144 3 93 1
19751115 28 3 102 1
19751115 91 3 228 1
19751115 297 3 68 1
19751115 173 3 380 1
19751115 19 3 241 1
19751115 104 3 332 1
19751115 87 3 314 1
19751115 54 3 23 1
19751115 155 3 195 1
19751115 312 3 324 1
19751115 45 3 345 1
19751115 292 3 175 1
19751115 135 3 254 1
19751115 187 3 252 1
19751115 147 3 33 1
19751115 28 3 269 1
19751115 91 3 465 1
19751115 208 3 297 1
19751115 173 3 326 1
19751115 19 3 104 1
19751115 87 3 54 1
19751115 155 3 312 1
19751115 45 3 292 1
19751115 135 3 187 1
19751115 144 3 147 1
19751115 28 3 91 1
19751115 173 3 208 1
19751115 87 3 19 1
19751115 45 3 155 1
19751115 144 3 135 1
19751115 173 3 28 1
19751115 87 3 45 1
19751115 173 3 144 1
19751115 87 3 173 1
19750921 327 3 431 1
19750921 173 3 327 1
19750921 95 3 63 1
19750921 192 3 368 1
19750921 5 3 108 1
19750921 371 3 129 1
19750921 106 3 145 1
19750921 323 3 139 1
19750921 144 3 361 1
19750921 173 3 95 1
19750921 192 3 5 1
19750921 371 3 106 1
19750921 144 3 323 1
19750921 173 3 192 1
19750921 371 3 144 1
19750921 173 3 371 1
19750721 127 3 76 1
19750721 67 3 79 1
19750721 301 3 525 1
19750721 147 3 368 1
19750721 81 3 42 1
19750721 148 3 12 1
19750721 151 3 380 1
19750721 367 3 68 1
19750721 318 3 104 1
19750721 300 3 181 1
19750721 87 3 206 1
19750721 32 3 275 1
19750721 288 3 54 1
19750721 178 3 227 1
19750721 219 3 252 1
19750721 193 3 324 1
19750721 8 3 361 1
19750721 66 3 48 1
19750721 168 3 262 1
19750721 328 3 343 1
19750721 93 3 377 1
19750721 282 3 349 1
19750721 170 3 292 1
19750721 144 3 326 1
19750721 385 3 153 1
19750721 41 3 246 1
19750721 75 3 129 1
19750721 134 3 332 1
19750721 192 3 187 1
19750721 78 3 44 1
19750721 19 3 135 1
19750721 127 3 67 1
19750721 147 3 301 1
19750721 81 3 148 1
19750721 151 3 367 1
19750721 318 3 300 1
19750721 87 3 32 1
19750721 288 3 178 1
19750721 219 3 193 1
19750721 66 3 8 1
19750721 328 3 168 1
19750721 282 3 93 1
19750721 144 3 170 1
19750721 41 3 385 1
19750721 134 3 75 1
19750721 369 3 192 1
19750721 19 3 78 1
19750721 127 3 147 1
19750721 151 3 81 1
19750721 87 3 318 1
19750721 288 3 219 1
19750721 66 3 328 1
19750721 144 3 282 1
19750721 134 3 41 1
19750721 19 3 369 1
19750721 127 3 151 1
19750721 288 3 87 1
19750721 66 3 144 1
19750721 134 3 19 1
19750721 127 3 288 1
19750721 134 3 66 1
19750721 127 3 134 1
19750804 127 3 192 1
19750804 262 3 212 1
19750804 197 3 333 1
19750804 385 3 367 1
19750804 42 3 66 1
19750804 332 3 108 1
19750804 87 3 364 1
19750804 324 3 240 1
19750804 225 3 164 1
19750804 79 3 222 1
19750804 64 3 241 1
19750804 35 3 287 1
19750804 380 3 41 1
19750804 201 3 267 1
19750804 75 3 245 1
19750804 24 3 28 1
19750804 1 3 48 1
19750804 326 3 98 1
19750804 252 3 16 1
19750804 148 3 27 1
19750804 257 3 361 1
19750804 294 3 377 1
19750804 288 3 10 1
19750804 133 3 128 1
19750804 132 3 32 1
19750804 104 3 165 1
19750804 151 3 170 1
19750804 275 3 206 1
19750804 343 3 137 1
19750804 178 3 205 1
19750804 19 3 227 1
19750804 127 3 262 1
19750804 385 3 197 1
19750804 42 3 332 1
19750804 87 3 324 1
19750804 225 3 79 1
19750804 35 3 64 1
19750804 201 3 75 1
19750804 1 3 24 1
19750804 252 3 326 1
19750804 148 3 257 1
19750804 294 3 288 1
19750804 132 3 133 1
19750804 151 3 104 1
19750804 343 3 275 1
19750804 19 3 178 1
19750804 127 3 385 1
19750804 87 3 42 1
19750804 225 3 35 1
19750804 252 3 1 1
19750804 148 3 294 1
19750804 151 3 132 1
19750804 19 3 343 1
19750804 127 3 87 1
19750804 225 3 201 1
19750804 252 3 148 1
19750804 19 3 151 1
19750804 225 3 127 1
19750804 19 3 252 1
19750804 225 3 19 1
19750525 34 3 24 1
19750525 368 3 206 1
19750525 257 3 118 1
19750525 385 3 114 1
19750525 288 3 78 1
19750525 164 3 197 1
19750525 128 3 305 1
19750525 69 3 260 1
19750525 144 3 492 1
19750525 300 3 285 1
19750525 282 3 264 1
19750525 41 3 204 1
19750525 68 3 315 1
19750525 87 3 267 1
19750525 16 3 310 1
19750525 281 3 470 1
19750525 201 3 199 1
19750525 205 3 84 1
19750525 134 3 361 1
19750525 266 3 332 1
19750525 1 3 193 1
19750525 22 3 423 1
19750525 225 3 250 1
19750525 208 3 380 1
19750525 294 3 147 1
19750525 104 3 17 1
19750525 252 3 214 1
19750525 248 3 283 1
19750525 343 3 100 1
19750525 370 3 135 1
19750525 127 3 246 1
19750525 34 3 368 1
19750525 257 3 385 1
19750525 288 3 164 1
19750525 69 3 128 1
19750525 144 3 300 1
19750525 282 3 158 1
19750525 41 3 68 1
19750525 87 3 16 1
19750525 281 3 201 1
19750525 134 3 205 1
19750525 1 3 266 1
19750525 225 3 22 1
19750525 208 3 294 1
19750525 252 3 104 1
19750525 248 3 343 1
19750525 127 3 370 1
19750525 34 3 257 1
19750525 288 3 69 1
19750525 144 3 282 1
19750525 87 3 41 1
19750525 134 3 281 1
19750525 225 3 1 1
19750525 252 3 208 1
19750525 127 3 248 1
19750525 288 3 34 1
19750525 144 3 87 1
19750525 225 3 134 1
19750525 127 3 252 1
19750525 288 3 144 1
19750525 225 3 127 1
19750525 288 3 225 1
19750826 127 3 197 1
19750826 257 3 267 1
19750826 201 3 41 1
19750826 241 3 114 1
19750826 309 3 264 1
19750826 1 3 467 1
19750826 155 3 260 1
19750826 95 3 192 1
19750826 19 3 181 1
19750826 45 3 148 1
19750826 328 3 131 1
19750826 151 3 240 1
19750826 380 3 318 1
19750826 132 3 123 1
19750826 170 3 252 1
19750826 207 3 35 1
19750826 208 3 385 1
19750826 301 3 262 1
19750826 99 3 102 1
19750826 180 3 54 1
19750826 64 3 68 1
19750826 66 3 244 1
19750826 282 3 184 1
19750826 16 3 364 1
19750826 134 3 171 1
19750826 294 3 205 1
19750826 288 3 32 1
19750826 368 3 175 1
19750826 81 3 93 1
19750826 87 3 164 1
19750826 34 3 128 1
19750826 127 3 257 1
19750826 241 3 201 1
19750826 309 3 1 1
19750826 155 3 95 1
19750826 19 3 45 1
19750826 151 3 328 1
19750826 380 3 132 1
19750826 170 3 207 1
19750826 301 3 208 1
19750826 180 3 99 1
19750826 64 3 66 1
19750826 225 3 282 1
19750826 134 3 16 1
19750826 288 3 294 1
19750826 81 3 368 1
19750826 34 3 87 1
19750826 127 3 241 1
19750826 309 3 155 1
19750826 19 3 151 1
19750826 380 3 170 1
19750826 180 3 301 1
19750826 225 3 64 1
19750826 288 3 134 1
19750826 34 3 81 1
19750826 127 3 309 1
19750826 19 3 380 1
19750826 180 3 225 1
19750826 34 3 288 1
19750826 127 3 19 1
19750826 34 3 180 1
19750826 34 3 127 1
19750519 127 3 79 1
19750519 332 3 193 1
19750519 201 3 33 1
19750519 204 3 300 1
19750519 155 3 187 1
19750519 78 3 250 1
19750519 132 3 1 1
19750519 246 3 292 1
19750519 87 3 181 1
19750519 133 3 206 1
19750519 267 3 128 1
19750519 257 3 158 1
19750519 18 3 244 1
19750519 380 3 178 1
19750519 368 3 207 1
19750519 197 3 148 1
19750519 102 3 17 1
19750519 208 3 219 1
19750519 314 3 131 1
19750519 252 3 16 1
19750519 269 3 14 1
19750519 67 3 21 1
19750519 225 3 100 1
19750519 312 3 115 1
19750519 151 3 195 1
19750519 364 3 227 1
19750519 134 3 315 1
19750519 22 3 23 1
19750519 41 3 241 1
19750519 123 3 27 1
19750519 144 3 104 1
19750519 127 3 332 1
19750519 201 3 204 1
19750519 155 3 78 1
19750519 246 3 132 1
19750519 133 3 87 1
19750519 257 3 267 1
19750519 380 3 18 1
19750519 368 3 197 1
19750519 208 3 102 1
19750519 252 3 314 1
19750519 262 3 269 1
19750519 225 3 67 1
19750519 312 3 151 1
19750519 134 3 364 1
19750519 41 3 22 1
19750519 144 3 123 1
19750519 127 3 201 1
19750519 155 3 246 1
19750519 257 3 133 1
19750519 380 3 368 1
19750519 252 3 208 1
19750519 225 3 262 1
19750519 312 3 134 1
19750519 144 3 41 1
19750519 155 3 127 1
19750519 257 3 380 1
19750519 225 3 252 1
19750519 144 3 312 1
19750519 155 3 257 1
19750519 225 3 144 1
19750519 225 3 155 1
19750324 180 3 349 1
19750324 64 3 241 1
19750324 125 3 23 1
19750324 282 3 348 1
19750324 134 3 175 1
19750324 369 3 287 1
19750324 244 3 109 1
19750324 123 3 233 1
19750324 328 3 135 1
19750324 12 3 205 1
19750324 266 3 93 1
19750324 228 3 372 1
19750324 301 3 321 1
19750324 66 3 18 1
19750324 115 3 311 1
19750324 81 3 540 1
19750324 180 3 64 1
19750324 282 3 125 1
19750324 134 3 369 1
19750324 244 3 123 1
19750324 328 3 12 1
19750324 228 3 266 1
19750324 66 3 301 1
19750324 81 3 115 1
19750324 180 3 282 1
19750324 134 3 244 1
19750324 228 3 328 1
19750324 66 3 81 1
19750324 180 3 134 1
19750324 228 3 66 1
19750324 228 3 180 1
19750512 190 3 266 1
19750512 301 3 67 1
19750512 134 3 64 1
19750512 318 3 171 1
19750512 328 3 168 1
19750512 369 3 326 1
19750512 87 3 110 1
19750512 210 3 35 1
19750512 7 3 19 1
19750512 66 3 14 1
19750512 319 3 41 1
19750512 233 3 12 1
19750512 180 3 54 1
19750512 282 3 288 1
19750512 151 3 349 1
19750512 309 3 93 1
19750512 301 3 190 1
19750512 318 3 134 1
19750512 369 3 328 1
19750512 210 3 87 1
19750512 66 3 7 1
19750512 319 3 233 1
19750512 180 3 282 1
19750512 151 3 309 1
19750512 318 3 301 1
19750512 210 3 369 1
19750512 319 3 66 1
19750512 180 3 151 1
19750512 318 3 210 1
19750512 319 3 180 1
19750512 318 3 319 1
19750323 19 3 79 1
19750323 225 3 385 1
19750323 78 3 128 1
19750323 260 3 248 1
19750323 213 3 284 1
19750323 197 3 104 1
19750323 45 3 332 1
19750323 99 3 353 1
19750323 37 3 334 1
19750323 17 3 106 1
19750323 1 3 22 1
19750323 252 3 69 1
19750323 267 3 36 1
19750323 187 3 132 1
19750323 264 3 214 1
19750323 34 3 373 1
19750323 225 3 19 1
19750323 78 3 260 1
19750323 197 3 213 1
19750323 45 3 99 1
19750323 37 3 17 1
19750323 1 3 252 1
19750323 187 3 267 1
19750323 34 3 264 1
19750323 225 3 78 1
19750323 197 3 45 1
19750323 37 3 1 1
19750323 187 3 34 1
19750323 225 3 197 1
19750323 37 3 187 1
19750323 225 3 37 1
19750720 318 3 240 1
19750720 32 3 181 1
19750720 324 3 54 1
19750720 300 3 345 1
19750720 81 3 334 1
19750720 367 3 176 1
19750720 41 3 349 1
19750720 186 3 48 1
19750720 14 3 299 1
19750720 282 3 79 1
19750720 326 3 42 1
19750720 361 3 134 1
19750720 87 3 332 1
19750720 377 3 192 1
19750720 318 3 32 1
19750720 324 3 300 1
19750720 81 3 367 1
19750720 41 3 186 1
19750720 14 3 282 1
19750720 326 3 361 1
19750720 135 3 87 1
19750720 180 3 377 1
19750720 318 3 324 1
19750720 81 3 41 1
19750720 14 3 326 1
19750720 180 3 135 1
19750720 318 3 81 1
19750720 180 3 14 1
19750720 318 3 180 1
19750210 338 3 44 1
19750210 315 3 275 1
19750210 208 3 185 1
19750210 310 3 259 1
19750210 380 3 80 1
19750210 201 3 377 1
19750210 167 3 270 1
19750210 206 3 145 1
19750210 300 3 142 1
19750210 371 3 95 1
19750210 226 3 361 1
19750210 158 3 245 1
19750210 63 3 47 1
19750210 312 3 243 1
19750210 193 3 161 1
19750210 148 3 143 1
19750210 5 3 523 1
19750210 32 3 418 1
19750210 108 3 184 1
19750210 173 3 174 1
19750210 343 3 57 1
19750210 338 3 52 1
19750210 208 3 315 1
19750210 201 3 380 1
19750210 167 3 206 1
19750210 155 3 300 1
19750210 371 3 226 1
19750210 158 3 63 1
19750210 312 3 193 1
19750210 148 3 5 1
19750210 32 3 108 1
19750210 207 3 327 1
19750210 302 3 170 1
19750210 144 3 400 1
19750210 173 3 343 1
19750210 338 3 208 1
19750210 155 3 167 1
19750210 371 3 158 1
19750210 312 3 148 1
19750210 32 3 207 1
19750210 144 3 302 1
19750210 173 3 338 1
19750210 371 3 312 1
19750210 144 3 32 1
19750210 371 3 144 1
19750210 173 3 371 1
19750616 173 3 300 1
19750616 132 3 243 1
19750616 41 3 87 1
19750616 262 3 193 1
19750616 349 3 233 1
19750616 380 3 199 1
19750616 318 3 187 1
19750616 244 3 323 1
19750616 19 3 266 1
19750616 326 3 181 1
19750616 155 3 297 1
19750616 66 3 343 1
19750616 180 3 312 1
19750616 292 3 148 1
19750616 358 3 361 1
19750616 78 3 205 1
19750616 206 3 84 1
19750616 168 3 135 1
19750616 93 3 330 1
19750616 353 3 227 1
19750616 178 3 334 1
19750616 5 3 23 1
19750616 35 3 104 1
19750616 369 3 299 1
19750616 147 3 67 1
19750616 282 3 288 1
19750616 230 3 33 1
19750616 328 3 151 1
19750616 73 3 14 1
19750616 184 3 252 1
19750616 204 3 315 1
19750616 127 3 247 1
19750616 173 3 132 1
19750616 41 3 262 1
19750616 349 3 380 1
19750616 318 3 244 1
19750616 19 3 326 1
19750616 66 3 155 1
19750616 180 3 292 1
19750616 358 3 78 1
19750616 168 3 206 1
19750616 353 3 93 1
19750616 5 3 178 1
19750616 35 3 369 1
19750616 282 3 147 1
19750616 230 3 328 1
19750616 184 3 73 1
19750616 127 3 204 1
19750616 173 3 41 1
19750616 318 3 349 1
19750616 19 3 66 1
19750616 358 3 180 1
19750616 353 3 168 1
19750616 35 3 5 1
19750616 282 3 230 1
19750616 127 3 184 1
19750616 318 3 173 1
19750616 358 3 19 1
19750616 353 3 35 1
19750616 282 3 127 1
19750616 358 3 318 1
19750616 353 3 282 1
19750616 353 3 358 1
19751027 127 3 23 1
19751027 292 3 254 1
19751027 318 3 135 1
19751027 28 3 326 1
19751027 151 3 339 1
19751027 37 3 260 1
19751027 353 3 1 1
19751027 380 3 257 1
19751027 114 3 168 1
19751027 87 3 54 1
19751027 368 3 385 1
19751027 144 3 147 1
19751027 208 3 148 1
19751027 252 3 99 1
19751027 22 3 264 1
19751027 19 3 81 1
19751027 292 3 127 1
19751027 318 3 28 1
19751027 151 3 37 1
19751027 353 3 380 1
19751027 87 3 114 1
19751027 144 3 368 1
19751027 252 3 208 1
19751027 19 3 22 1
19751027 292 3 318 1
19751027 353 3 151 1
19751027 144 3 87 1
19751027 19 3 252 1
19751027 353 3 292 1
19751027 19 3 144 1
19751027 353 3 19 1
19751012 294 3 397 1
19751012 262 3 257 1
19751012 207 3 523 1
19751012 252 3 219 1
19751012 313 3 49 1
19751012 1 3 106 1
19751012 133 3 204 1
19751012 34 3 230 1
19751012 197 3 123 1
19751012 68 3 152 1
19751012 287 3 162 1
19751012 367 3 184 1
19751012 375 3 16 1
19751012 292 3 246 1
19751012 208 3 465 1
19751012 128 3 200 1
19751012 155 3 330 1
19751012 380 3 499 1
19751012 148 3 175 1
19751012 144 3 333 1
19751012 368 3 532 1
19751012 151 3 342 1
19751012 248 3 364 1
19751012 23 3 147 1
19751012 324 3 363 1
19751012 225 3 232 1
19751012 127 3 294 1
19751012 262 3 207 1
19751012 252 3 313 1
19751012 1 3 133 1
19751012 197 3 68 1
19751012 87 3 287 1
19751012 367 3 375 1
19751012 208 3 292 1
19751012 155 3 128 1
19751012 132 3 380 1
19751012 144 3 148 1
19751012 151 3 368 1
19751012 248 3 23 1
19751012 225 3 324 1
19751012 127 3 262 1
19751012 1 3 252 1
19751012 34 3 197 1
19751012 87 3 367 1
19751012 155 3 208 1
19751012 144 3 132 1
19751012 151 3 201 1
19751012 225 3 248 1
19751012 1 3 127 1
19751012 34 3 87 1
19751012 155 3 144 1
19751012 151 3 225 1
19751012 1 3 34 1
19751012 155 3 151 1
19751012 155 3 1 1
19750203 371 3 12 1
19750203 14 3 7 1
19750203 110 3 8 1
19750203 168 3 239 1
19750203 318 3 292 1
19750203 54 3 343 1
19750203 67 3 369 1
19750203 323 3 320 1
19750203 147 3 303 1
19750203 309 3 171 1
19750203 148 3 291 1
19750203 41 3 338 1
19750203 288 3 40 1
19750203 241 3 250 1
19750203 5 3 333 1
19750203 151 3 254 1
19750203 14 3 371 1
19750203 110 3 168 1
19750203 318 3 54 1
19750203 323 3 67 1
19750203 309 3 147 1
19750203 41 3 148 1
19750203 288 3 241 1
19750203 151 3 5 1
19750203 110 3 14 1
19750203 318 3 323 1
19750203 309 3 41 1
19750203 288 3 151 1
19750203 318 3 110 1
19750203 288 3 309 1
19750203 288 3 318 1
19750223 233 3 12 1
19750223 64 3 256 1
19750223 87 3 244 1
19750223 180 3 115 1
19750223 266 3 205 1
19750223 384 3 175 1
19750223 348 3 23 1
19750223 81 3 66 1
19750223 328 3 125 1
19750223 228 3 123 1
19750223 369 3 258 1
19750223 241 3 93 1
19750223 301 3 372 1
19750223 361 3 321 1
19750223 135 3 349 1
19750223 282 3 134 1
19750223 233 3 64 1
19750223 180 3 87 1
19750223 266 3 384 1
19750223 81 3 348 1
19750223 328 3 228 1
19750223 241 3 369 1
19750223 301 3 361 1
19750223 282 3 135 1
19750223 180 3 233 1
19750223 81 3 266 1
19750223 328 3 241 1
19750223 301 3 282 1
19750223 81 3 180 1
19750223 328 3 301 1
19750223 81 3 328 1
19750604 17 3 225 1
19750604 219 3 227 1
19750604 178 3 123 1
19750604 67 3 152 1
19750604 87 3 489 1
19750604 22 3 186 1
19750604 14 3 133 1
19750604 248 3 75 1
19750604 288 3 230 1
19750604 232 3 201 1
19750604 69 3 300 1
19750604 99 3 78 1
19750604 246 3 343 1
19750604 214 3 364 1
19750604 363 3 262 1
19750604 127 3 131 1
19750604 202 3 339 1
19750604 294 3 100 1
19750604 18 3 315 1
19750604 155 3 380 1
19750604 13 3 199 1
19750604 205 3 27 1
19750604 267 3 506 1
19750604 180 3 454 1
19750604 135 3 141 1
19750604 24 3 338 1
19750604 164 3 102 1
19750604 252 3 475 1
19750604 373 3 283 1
19750604 264 3 266 1
19750604 354 3 35 1
19750604 93 3 208 1
19750604 335 3 91 1
19750604 49 3 115 1
19750604 5 3 254 1
19750604 181 3 197 1
19750604 241 3 455 1
19750604 284 3 146 1
19750604 318 3 184 1
19750604 16 3 104 1
19750604 385 3 413 1
19750604 193 3 299 1
19750604 151 3 149 1
19750604 1 3 313 1
19750604 84 3 244 1
19750604 257 3 206 1
19750604 144 3 23 1
19750604 312 3 495 1
19750604 260 3 326 1
19750604 349 3 525 1
19750604 41 3 33 1
19750604 132 3 147 1
19750604 114 3 287 1
19750604 332 3 68 1
19750604 134 3 148 1
19750604 187 3 96 1
19750604 292 3 282 1
19750604 204 3 195 1
19750604 328 3 499 1
19750604 361 3 21 1
19750604 281 3 310 1
19750604 34 3 250 1
19750604 17 3 219 1
19750604 67 3 178 1
19750604 87 3 22 1
19750604 248 3 14 1
19750604 288 3 232 1
19750604 99 3 246 1
19750604 214 3 363 1
19750604 127 3 202 1
19750604 294 3 18 1
19750604 155 3 13 1
19750604 267 3 205 1
19750604 180 3 135 1
19750604 24 3 164 1
19750604 252 3 373 1
19750604 264 3 354 1
19750604 93 3 335 1
19750604 49 3 5 1
19750604 181 3 241 1
19750604 318 3 284 1
19750604 385 3 16 1
19750604 151 3 193 1
19750604 1 3 84 1
19750604 144 3 257 1
19750604 312 3 260 1
19750604 41 3 349 1
19750604 114 3 132 1
19750604 134 3 332 1
19750604 292 3 187 1
19750604 328 3 204 1
19750604 175 3 361 1
19750604 34 3 281 1
19750604 17 3 67 1
19750604 87 3 248 1
19750604 288 3 69 1
19750604 99 3 214 1
19750604 127 3 294 1
19750604 155 3 267 1
19750604 180 3 24 1
19750604 252 3 264 1
19750604 93 3 49 1
19750604 181 3 318 1
19750604 151 3 385 1
19750604 1 3 144 1
19750604 41 3 312 1
19750604 134 3 114 1
19750604 328 3 292 1
19750604 34 3 175 1
19750604 87 3 17 1
19750604 288 3 99 1
19750604 127 3 155 1
19750604 252 3 180 1
19750604 181 3 93 1
19750604 1 3 151 1
19750604 134 3 41 1
19750604 34 3 328 1
19750604 87 3 288 1
19750604 127 3 252 1
19750604 1 3 181 1
19750604 34 3 134 1
19750604 127 3 87 1
19750604 34 3 1 1
19750604 34 3 127 1
19750427 201 3 269 1
19750427 232 3 525 1
19750427 21 3 28 1
19750427 206 3 479 1
19750427 227 3 250 1
19750427 246 3 164 1
19750427 287 3 330 1
19750427 364 3 230 1
19750427 68 3 77 1
19750427 373 3 16 1
19750427 131 3 422 1
19750427 202 3 310 1
19750427 178 3 532 1
19750427 380 3 219 1
19750427 100 3 133 1
19750427 201 3 232 1
19750427 206 3 21 1
19750427 246 3 227 1
19750427 287 3 364 1
19750427 152 3 68 1
19750427 373 3 131 1
19750427 202 3 178 1
19750427 114 3 199 1
19750427 24 3 267 1
19750427 144 3 195 1
19750427 225 3 200 1
19750427 380 3 100 1
19750427 201 3 206 1
19750427 246 3 287 1
19750427 152 3 373 1
19750427 202 3 114 1
19750427 144 3 24 1
19750427 225 3 380 1
19750427 246 3 201 1
19750427 152 3 202 1
19750427 225 3 246 1
19750427 144 3 152 1
19750427 144 3 225 1
19750720 123 3 206 1
19750720 68 3 457 1
19750720 184 3 10 1
19750720 115 3 359 1
19750720 171 3 281 1
19750720 123 3 343 1
19750720 68 3 184 1
19750720 95 3 115 1
19750720 67 3 171 1
19750720 68 3 123 1
19750720 95 3 67 1
19750720 68 3 95 1
19750317 155 3 380 1
19750317 167 3 63 1
19750317 206 3 8 1
19750317 312 3 310 1
19750317 52 3 315 1
19750317 108 3 57 1
19750317 158 3 207 1
19750317 173 3 80 1
19750317 184 3 208 1
19750317 155 3 167 1
19750317 312 3 52 1
19750317 158 3 108 1
19750317 32 3 201 1
19750317 371 3 143 1
19750317 173 3 184 1
19750317 312 3 158 1
19750317 371 3 32 1
19750317 173 3 155 1
19750317 371 3 312 1
19750317 371 3 173 1
19750217 288 3 320 1
19750217 319 3 14 1
19750217 41 3 171 1
19750217 7 3 303 1
19750217 151 3 67 1
19750217 292 3 40 1
19750217 54 3 108 1
19750217 5 3 343 1
19750217 153 3 327 1
19750217 147 3 548 1
19750217 309 3 338 1
19750217 291 3 32 1
19750217 318 3 178 1
19750217 254 3 148 1
19750217 110 3 452 1
19750217 168 3 195 1
19750217 319 3 288 1
19750217 7 3 41 1
19750217 292 3 151 1
19750217 5 3 54 1
19750217 147 3 153 1
19750217 309 3 291 1
19750217 318 3 254 1
19750217 110 3 168 1
19750217 7 3 319 1
19750217 5 3 292 1
19750217 309 3 147 1
19750217 318 3 110 1
19750217 7 3 5 1
19750217 309 3 318 1
19750217 309 3 7 1
19750118 301 3 134 1
19750118 93 3 110 1
19750118 266 3 319 1
19750118 7 3 106 1
19750118 291 3 213 1
19750118 41 3 23 1
19750118 332 3 147 1
19750118 358 3 78 1
19750118 301 3 93 1
19750118 7 3 266 1
19750118 41 3 291 1
19750118 358 3 332 1
19750118 7 3 301 1
19750118 41 3 358 1
19750118 41 3 7 1
19751026 68 3 292 1
19751026 368 3 33 1
19751026 99 3 465 1
19751026 69 3 337 1
19751026 252 3 294 1
19751026 232 3 128 1
19751026 15 3 246 1
19751026 147 3 219 1
19751026 264 3 324 1
19751026 37 3 397 1
19751026 197 3 231 1
19751026 224 3 162 1
19751026 148 3 104 1
19751026 385 3 345 1
19751026 207 3 54 1
19751026 127 3 68 1
19751026 99 3 380 1
19751026 69 3 132 1
19751026 252 3 312 1
19751026 232 3 241 1
19751026 87 3 15 1
19751026 147 3 257 1
19751026 1 3 37 1
19751026 151 3 197 1
19751026 106 3 224 1
19751026 148 3 208 1
19751026 201 3 385 1
19751026 225 3 207 1
19751026 127 3 368 1
19751026 69 3 99 1
19751026 252 3 232 1
19751026 87 3 147 1
19751026 264 3 1 1
19751026 148 3 106 1
19751026 225 3 201 1
19751026 127 3 69 1
19751026 87 3 252 1
19751026 148 3 225 1
19751026 87 3 127 1
19751026 148 3 264 1
19751026 87 3 148 1
19750217 173 3 300 1
19750217 206 3 287 1
19750217 145 3 377 1
19750217 380 3 418 1
19750217 302 3 184 1
19750217 216 3 226 1
19750217 158 3 312 1
19750217 366 3 243 1
19750217 167 3 310 1
19750217 52 3 161 1
19750217 201 3 80 1
19750217 207 3 143 1
19750217 270 3 63 1
19750217 239 3 315 1
19750217 155 3 193 1
19750217 173 3 206 1
19750217 380 3 145 1
19750217 208 3 302 1
19750217 158 3 216 1
19750217 167 3 366 1
19750217 52 3 201 1
19750217 207 3 270 1
19750217 239 3 155 1
19750217 173 3 380 1
19750217 208 3 158 1
19750217 52 3 167 1
19750217 207 3 239 1
19750217 173 3 208 1
19750217 207 3 52 1
19750217 173 3 207 1
19751027 225 3 213 1
19751027 349 3 267 1
19751027 319 3 40 1
19751027 41 3 207 1
19751027 197 3 420 1
19751027 291 3 381 1
19751027 190 3 525 1
19751027 69 3 358 1
19751027 10 3 79 1
19751027 78 3 110 1
19751027 301 3 134 1
19751027 288 3 201 1
19751027 128 3 12 1
19751027 35 3 246 1
19751027 225 3 349 1
19751027 319 3 41 1
19751027 197 3 369 1
19751027 190 3 291 1
19751027 69 3 10 1
19751027 78 3 301 1
19751027 128 3 288 1
19751027 210 3 35 1
19751027 319 3 225 1
19751027 197 3 190 1
19751027 69 3 78 1
19751027 210 3 128 1
19751027 319 3 197 1
19751027 69 3 210 1
19751027 319 3 69 1
19751026 349 3 190 1
19751026 240 3 291 1
19751026 134 3 321 1
19751026 315 3 206 1
19751026 65 3 288 1
19751026 334 3 290 1
19751026 78 3 301 1
19751026 319 3 52 1
19751026 7 3 125 1
19751026 41 3 35 1
19751026 369 3 213 1
19751026 358 3 205 1
19751026 12 3 36 1
19751026 66 3 170 1
19751026 210 3 110 1
19751026 349 3 240 1
19751026 134 3 315 1
19751026 334 3 65 1
19751026 319 3 78 1
19751026 41 3 7 1
19751026 358 3 369 1
19751026 66 3 12 1
19751026 134 3 349 1
19751026 319 3 334 1
19751026 41 3 358 1
19751026 134 3 319 1
19750128 41 3 292 1
19750128 282 3 291 1
19750128 180 3 266 1
19750128 338 3 319 1
19750128 93 3 147 1
19750128 134 3 148 1
19750128 7 3 471 1
19750128 110 3 5 1
19750128 41 3 282 1
19750128 338 3 180 1
19750128 93 3 134 1
19750128 110 3 7 1
19750128 41 3 338 1
19750128 110 3 93 1
19750128 41 3 110 1
19750310 180 3 123 1
19750310 64 3 93 1
19750310 228 3 321 1
19750310 266 3 115 1
19750310 282 3 372 1
19750310 227 3 125 1
19750310 12 3 430 1
19750310 328 3 349 1
19750310 81 3 66 1
19750310 205 3 32 1
19750310 241 3 369 1
19750310 301 3 348 1
19750310 134 3 195 1
19750310 135 3 244 1
19750310 175 3 23 1
19750310 87 3 233 1
19750310 180 3 64 1
19750310 228 3 266 1
19750310 282 3 227 1
19750310 328 3 12 1
19750310 81 3 205 1
19750310 301 3 241 1
19750310 135 3 134 1
19750310 87 3 175 1
19750310 228 3 180 1
19750310 328 3 282 1
19750310 81 3 301 1
19750310 135 3 87 1
19750310 228 3 328 1
19750310 81 3 135 1
19750310 228 3 81 1
19750827 173 3 110 1
19750827 312 3 175 1
19750827 114 3 33 1
19750827 134 3 368 1
19750827 148 3 331 1
19750827 380 3 193 1
19750827 167 3 332 1
19750827 353 3 207 1
19750827 22 3 27 1
19750827 187 3 63 1
19750827 37 3 105 1
19750827 180 3 233 1
19750827 14 3 264 1
19750827 64 3 184 1
19750827 294 3 262 1
19750827 19 3 367 1
19750827 369 3 205 1
19750827 385 3 292 1
19750827 16 3 139 1
19750827 66 3 227 1
19750827 87 3 52 1
19750827 197 3 513 1
19750827 34 3 323 1
19750827 241 3 287 1
19750827 29 3 377 1
19750827 319 3 44 1
19750827 309 3 201 1
19750827 9 3 76 1
19750827 181 3 192 1
19750827 244 3 125 1
19750827 213 3 23 1
19750827 252 3 328 1
19750827 102 3 12 1
19750827 288 3 93 1
19750827 228 3 300 1
19750827 18 3 349 1
19750827 7 3 35 1
19750827 144 3 301 1
19750827 214 3 372 1
19750827 333 3 431 1
19750827 99 3 298 1
19750827 371 3 177 1
19750827 219 3 42 1
19750827 128 3 24 1
19750827 324 3 266 1
19750827 225 3 28 1
19750827 41 3 5 1
19750827 208 3 206 1
19750827 282 3 168 1
19750827 318 3 74 1
19750827 54 3 45 1
19750827 106 3 315 1
19750827 151 3 339 1
19750827 358 3 414 1
19750827 361 3 49 1
19750827 334 3 178 1
19750827 132 3 250 1
19750827 155 3 123 1
19750827 81 3 115 1
19750827 108 3 326 1
19750827 8 3 32 1
19750827 127 3 130 1
19750827 173 3 312 1
19750827 134 3 148 1
19750827 380 3 167 1
19750827 22 3 353 1
19750827 37 3 187 1
19750827 14 3 180 1
19750827 294 3 64 1
19750827 19 3 369 1
19750827 385 3 16 1
19750827 87 3 66 1
19750827 34 3 241 1
19750827 319 3 29 1
19750827 309 3 9 1
19750827 181 3 244 1
19750827 252 3 213 1
19750827 288 3 102 1
19750827 228 3 18 1
19750827 144 3 7 1
19750827 214 3 333 1
19750827 99 3 371 1
19750827 128 3 219 1
19750827 225 3 324 1
19750827 208 3 41 1
19750827 318 3 282 1
19750827 54 3 106 1
19750827 151 3 358 1
19750827 334 3 361 1
19750827 155 3 132 1
19750827 81 3 108 1
19750827 127 3 8 1
19750827 173 3 114 1
19750827 134 3 380 1
19750827 37 3 22 1
19750827 14 3 294 1
19750827 19 3 385 1
19750827 87 3 197 1
19750827 34 3 319 1
19750827 309 3 181 1
19750827 288 3 252 1
19750827 144 3 228 1
19750827 99 3 214 1
19750827 225 3 128 1
19750827 208 3 318 1
19750827 151 3 54 1
19750827 155 3 334 1
19750827 127 3 81 1
19750827 173 3 134 1
19750827 14 3 37 1
19750827 87 3 19 1
19750827 34 3 309 1
19750827 144 3 288 1
19750827 225 3 99 1
19750827 151 3 208 1
19750827 127 3 155 1
19750827 173 3 14 1
19750827 34 3 87 1
19750827 225 3 144 1
19750827 127 3 151 1
19750827 173 3 34 1
19750827 225 3 127 1
19750827 225 3 173 1
19750317 180 3 348 1
19750317 93 3 241 1
19750317 301 3 468 1
19750317 123 3 182 1
19750317 81 3 115 1
19750317 66 3 12 1
19750317 134 3 125 1
19750317 23 3 205 1
19750317 175 3 135 1
19750317 240 3 266 1
19750317 369 3 349 1
19750317 328 3 321 1
19750317 272 3 87 1
19750317 282 3 244 1
19750317 228 3 372 1
19750317 64 3 233 1
19750317 180 3 93 1
19750317 301 3 123 1
19750317 66 3 81 1
19750317 134 3 23 1
19750317 175 3 240 1
19750317 369 3 328 1
19750317 282 3 272 1
19750317 228 3 64 1
19750317 180 3 301 1
19750317 134 3 66 1
19750317 175 3 369 1
19750317 228 3 282 1
19750317 134 3 180 1
19750317 175 3 228 1
19750317 134 3 175 1
19750324 309 3 291 1
19750324 40 3 42 1
19750324 5 3 148 1
19750324 168 3 381 1
19750324 54 3 254 1
19750324 41 3 303 1
19750324 67 3 65 1
19750324 288 3 323 1
19750324 14 3 151 1
19750324 361 3 262 1
19750324 7 3 147 1
19750324 292 3 319 1
19750324 371 3 171 1
19750324 343 3 512 1
19750324 318 3 110 1
19750324 309 3 40 1
19750324 168 3 5 1
19750324 41 3 54 1
19750324 288 3 67 1
19750324 14 3 361 1
19750324 7 3 292 1
19750324 371 3 338 1
19750324 318 3 343 1
19750324 309 3 168 1
19750324 41 3 288 1
19750324 14 3 7 1
19750324 371 3 318 1
19750324 309 3 41 1
19750324 371 3 14 1
19750324 309 3 371 1
19750525 155 3 262 1
19750525 23 3 227 1
19750525 219 3 241 1
19750525 292 3 312 1
19750525 14 3 117 1
19750525 133 3 27 1
19750525 67 3 364 1
19750525 207 3 115 1
19750525 35 3 131 1
19750525 148 3 390 1
19750525 99 3 269 1
19750525 354 3 349 1
19750525 187 3 33 1
19750525 244 3 181 1
19750525 151 3 334 1
19750525 155 3 23 1
19750525 292 3 219 1
19750525 133 3 14 1
19750525 67 3 207 1
19750525 132 3 35 1
19750525 99 3 148 1
19750525 354 3 187 1
19750525 151 3 244 1
19750525 155 3 292 1
19750525 67 3 133 1
19750525 99 3 132 1
19750525 151 3 354 1
19750525 155 3 67 1
19750525 151 3 99 1
19750525 151 3 155 1
19750203 300 3 155 1
19750203 380 3 184 1
19750203 312 3 399 1
19750203 32 3 377 1
19750203 158 3 227 1
19750203 193 3 143 1
19750203 201 3 57 1
19750203 185 3 243 1
19750203 167 3 174 1
19750203 23 3 327 1
19750203 208 3 270 1
19750203 145 3 206 1
19750203 112 3 142 1
19750203 80 3 68 1
19750203 173 3 315 1
19750203 380 3 300 1
19750203 312 3 52 1
19750203 32 3 158 1
19750203 201 3 193 1
19750203 185 3 167 1
19750203 208 3 23 1
19750203 112 3 145 1
19750203 80 3 173 1
19750203 312 3 380 1
19750203 32 3 201 1
19750203 208 3 185 1
19750203 112 3 80 1
19750203 32 3 312 1
19750203 112 3 208 1
19750203 32 3 112 1
19750805 127 3 368 1
19750805 168 3 427 1
19750805 380 3 201 1
19750805 79 3 95 1
19750805 134 3 164 1
19750805 28 3 364 1
19750805 133 3 66 1
19750805 385 3 206 1
19750805 225 3 250 1
19750805 377 3 266 1
19750805 87 3 24 1
19750805 197 3 20 1
19750805 318 3 131 1
19750805 16 3 292 1
19750805 151 3 108 1
19750805 54 3 332 1
19750805 148 3 47 1
19750805 288 3 20 1
19750805 23 3 193 1
19750805 219 3 369 1
19750805 144 3 84 1
19750805 132 3 262 1
19750805 324 3 41 1
19750805 205 3 129 1
19750805 180 3 184 1
19750805 240 3 152 1
19750805 32 3 68 1
19750805 115 3 27 1
19750805 19 3 246 1
19750805 127 3 168 1
19750805 380 3 79 1
19750805 28 3 134 1
19750805 385 3 133 1
19750805 225 3 377 1
19750805 87 3 197 1
19750805 318 3 16 1
19750805 151 3 367 1
19750805 252 3 54 1
19750805 288 3 148 1
19750805 23 3 219 1
19750805 324 3 132 1
19750805 180 3 205 1
19750805 240 3 32 1
19750805 19 3 115 1
19750805 127 3 380 1
19750805 385 3 28 1
19750805 225 3 87 1
19750805 151 3 318 1
19750805 288 3 252 1
19750805 144 3 23 1
19750805 180 3 324 1
19750805 19 3 240 1
19750805 127 3 385 1
19750805 151 3 225 1
19750805 144 3 288 1
19750805 19 3 180 1
19750805 127 3 151 1
19750805 144 3 19 1
19750805 127 3 144 1
19750407 201 3 227 1
19750407 68 3 91 1
19750407 314 3 21 1
19750407 33 3 380 1
19750407 230 3 479 1
19750407 281 3 178 1
19750407 84 3 242 1
19750407 354 3 102 1
19750407 264 3 525 1
19750407 2 3 267 1
19750407 22 3 114 1
19750407 225 3 152 1
19750407 24 3 27 1
19750407 246 3 287 1
19750407 201 3 454 1
19750407 68 3 314 1
19750407 33 3 230 1
19750407 84 3 281 1
19750407 264 3 354 1
19750407 22 3 2 1
19750407 131 3 200 1
19750407 195 3 100 1
19750407 144 3 16 1
19750407 225 3 24 1
19750407 201 3 68 1
19750407 264 3 84 1
19750407 22 3 364 1
19750407 250 3 131 1
19750407 144 3 195 1
19750407 225 3 246 1
19750407 201 3 33 1
19750407 22 3 264 1
19750407 144 3 250 1
19750407 201 3 225 1
19750407 144 3 22 1
19750407 144 3 201 1
19750507 19 3 228 1
19750507 180 3 318 1
19750507 34 3 288 1
19750507 309 3 134 1
19750507 19 3 180 1
19750507 34 3 309 1
19750507 19 3 34 1
19750303 91 3 147 1
19750303 33 3 24 1
19750303 131 3 230 1
19750303 102 3 404 1
19750303 152 3 299 1
19750303 99 3 75 1
19750303 264 3 313 1
19750303 250 3 68 1
19750303 11 3 16 1
19750303 133 3 114 1
19750303 85 3 281 1
19750303 100 3 454 1
19750303 225 3 335 1
19750303 91 3 246 1
19750303 131 3 33 1
19750303 267 3 102 1
19750303 99 3 152 1
19750303 264 3 250 1
19750303 11 3 84 1
19750303 133 3 85 1
19750303 225 3 100 1
19750303 131 3 91 1
19750303 99 3 267 1
19750303 264 3 11 1
19750303 225 3 133 1
19750303 99 3 131 1
19750303 225 3 264 1
19750303 225 3 99 1
19750120 54 3 22 1
19750120 187 3 320 1
19750120 326 3 5 1
19750120 266 3 37 1
19750120 369 3 248 1
19750120 45 3 205 1
19750120 81 3 319 1
19750120 323 3 257 1
19750120 78 3 385 1
19750120 69 3 332 1
19750120 135 3 372 1
19750120 41 3 110 1
19750120 244 3 303 1
19750120 64 3 17 1
19750120 168 3 284 1
19750120 228 3 115 1
19750120 125 3 106 1
19750120 19 3 348 1
19750120 252 3 262 1
19750120 40 3 128 1
19750120 34 3 338 1
19750120 301 3 93 1
19750120 66 3 214 1
19750120 291 3 14 1
19750120 328 3 321 1
19750120 147 3 171 1
19750120 87 3 1 1
19750120 180 3 175 1
19750120 353 3 197 1
19750120 371 3 254 1
19750120 288 3 36 1
19750120 54 3 187 1
19750120 266 3 326 1
19750120 369 3 45 1
19750120 323 3 81 1
19750120 78 3 69 1
19750120 41 3 135 1
19750120 64 3 244 1
19750120 168 3 228 1
19750120 19 3 125 1
19750120 40 3 252 1
19750120 349 3 132 1
19750120 151 3 343 1
19750120 292 3 127 1
19750120 334 3 148 1
19750120 318 3 260 1
19750120 79 3 241 1
19750120 233 3 12 1
19750120 358 3 67 1
19750120 134 3 123 1
19750120 7 3 23 1
19750120 282 3 309 1
19750120 301 3 34 1
19750120 66 3 291 1
19750120 147 3 328 1
19750120 180 3 87 1
19750120 371 3 353 1
19750120 288 3 54 1
19750120 266 3 369 1
19750120 323 3 78 1
19750120 41 3 64 1
19750120 19 3 168 1
19750120 349 3 40 1
19750120 151 3 292 1
19750120 334 3 318 1
19750120 233 3 79 1
19750120 358 3 134 1
19750120 282 3 7 1
19750120 66 3 301 1
19750120 180 3 147 1
19750120 371 3 288 1
19750120 266 3 323 1
19750120 19 3 41 1
19750120 151 3 349 1
19750120 233 3 334 1
19750120 358 3 282 1
19750120 180 3 66 1
19750120 371 3 266 1
19750120 151 3 19 1
19750120 233 3 358 1
19750120 371 3 180 1
19750120 233 3 151 1
19750120 233 3 371 1
19751221 271 3 440 1
19751221 313 3 65 1
19751221 94 3 480 1
19751221 307 3 182 1
19751221 133 3 341 1
19751221 72 3 274 1
19751221 186 3 10 1
19751221 261 3 525 1
19751221 36 3 360 1
19751221 338 3 550 1
19751221 156 3 290 1
19751221 278 3 434 1
19751221 188 3 297 1
19751221 210 3 271 1
19751221 313 3 213 1
19751221 291 3 94 1
19751221 54 3 307 1
19751221 292 3 133 1
19751221 72 3 229 1
19751221 334 3 186 1
19751221 319 3 261 1
19751221 358 3 36 1
19751221 338 3 78 1
19751221 156 3 125 1
19751221 110 3 278 1
19751221 188 3 67 1
19751221 187 3 363 1
19751221 176 3 328 1
19751221 210 3 313 1
19751221 291 3 54 1
19751221 72 3 292 1
19751221 319 3 334 1
19751221 358 3 338 1
19751221 40 3 156 1
19751221 188 3 110 1
19751221 187 3 176 1
19751221 291 3 210 1
19751221 319 3 72 1
19751221 358 3 40 1
19751221 188 3 187 1
19751221 319 3 291 1
19751221 188 3 358 1
19751221 319 3 188 1
19751006 210 3 192 1
19751006 110 3 186 1
19751006 205 3 35 1
19751006 282 3 170 1
19751006 321 3 206 1
19751006 245 3 125 1
19751006 315 3 10 1
19751006 134 3 94 1
19751006 66 3 525 1
19751006 7 3 65 1
19751006 137 3 291 1
19751006 319 3 334 1
19751006 41 3 213 1
19751006 42 3 240 1
19751006 349 3 36 1
19751006 78 3 288 1
19751006 110 3 210 1
19751006 282 3 205 1
19751006 245 3 321 1
19751006 134 3 315 1
19751006 66 3 7 1
19751006 319 3 137 1
19751006 41 3 42 1
19751006 78 3 349 1
19751006 282 3 110 1
19751006 134 3 245 1
19751006 66 3 319 1
19751006 41 3 78 1
19751006 134 3 282 1
19751006 41 3 66 1
19751006 41 3 134 1
19751110 225 3 182 1
19751110 201 3 213 1
19751110 288 3 12 1
19751110 290 3 69 1
19751110 210 3 315 1
19751110 323 3 291 1
19751110 319 3 358 1
19751110 35 3 267 1
19751110 78 3 351 1
19751110 41 3 40 1
19751110 240 3 246 1
19751110 190 3 170 1
19751110 183 3 52 1
19751110 349 3 134 1
19751110 334 3 197 1
19751110 353 3 299 1
19751110 201 3 225 1
19751110 288 3 290 1
19751110 323 3 210 1
19751110 35 3 319 1
19751110 41 3 78 1
19751110 190 3 240 1
19751110 349 3 183 1
19751110 353 3 334 1
19751110 288 3 201 1
19751110 323 3 35 1
19751110 41 3 190 1
19751110 349 3 353 1
19751110 323 3 288 1
19751110 349 3 41 1
19751110 349 3 323 1
19751117 225 3 246 1
19751117 170 3 20 1
19751117 182 3 515 1
19751117 349 3 517 1
19751117 79 3 525 1
19751117 240 3 321 1
19751117 78 3 332 1
19751117 267 3 150 1
19751117 135 3 197 1
19751117 299 3 55 1
19751117 213 3 20 1
19751117 192 3 351 1
19751117 201 3 315 1
19751117 69 3 324 1
19751117 369 3 291 1
19751117 225 3 170 1
19751117 349 3 182 1
19751117 240 3 78 1
19751117 135 3 267 1
19751117 213 3 299 1
19751117 201 3 192 1
19751117 369 3 69 1
19751117 225 3 349 1
19751117 213 3 135 1
19751117 369 3 201 1
19751117 225 3 240 1
19751117 369 3 213 1
19751117 369 3 225 1
19750331 190 3 37 1
19750331 125 3 291 1
19750331 93 3 23 1
19750331 14 3 145 1
19750331 54 3 328 1
19750331 12 3 332 1
19750331 76 3 241 1
19750331 35 3 529 1
19750331 19 3 254 1
19750331 334 3 104 1
19750331 168 3 301 1
19750331 134 3 171 1
19750331 233 3 348 1
19750331 266 3 67 1
19750331 115 3 300 1
19750331 180 3 292 1
19750331 64 3 79 1
19750331 228 3 377 1
19750331 369 3 303 1
19750331 282 3 318 1
19750331 66 3 193 1
19750331 244 3 36 1
19750331 343 3 319 1
19750331 210 3 204 1
19750331 151 3 178 1
19750331 181 3 227 1
19750331 147 3 299 1
19750331 144 3 349 1
19750331 40 3 288 1
19750331 41 3 262 1
19750331 213 3 110 1
19750331 309 3 148 1
19750331 190 3 125 1
19750331 93 3 14 1
19750331 54 3 12 1
19750331 35 3 76 1
19750331 19 3 334 1
19750331 134 3 168 1
19750331 233 3 266 1
19750331 180 3 115 1
19750331 64 3 228 1
19750331 369 3 282 1
19750331 66 3 244 1
19750331 210 3 343 1
19750331 181 3 151 1
19750331 144 3 147 1
19750331 41 3 40 1
19750331 309 3 213 1
19750331 190 3 93 1
19750331 35 3 54 1
19750331 19 3 134 1
19750331 180 3 233 1
19750331 369 3 64 1
19750331 210 3 66 1
19750331 144 3 181 1
19750331 309 3 41 1
19750331 190 3 35 1
19750331 180 3 19 1
19750331 210 3 369 1
19750331 144 3 309 1
19750331 180 3 190 1
19750331 144 3 210 1
19750331 180 3 144 1
19750421 318 3 338 1
19750421 110 3 425 1
19750421 319 3 57 1
19750421 151 3 548 1
19750421 14 3 343 1
19750421 303 3 240 1
19750421 185 3 171 1
19750421 41 3 254 1
19750421 288 3 320 1
19750421 147 3 67 1
19750421 258 3 291 1
19750421 148 3 168 1
19750421 7 3 403 1
19750421 40 3 540 1
19750421 292 3 105 1
19750421 309 3 262 1
19750421 318 3 110 1
19750421 151 3 319 1
19750421 14 3 303 1
19750421 41 3 185 1
19750421 288 3 147 1
19750421 148 3 258 1
19750421 40 3 7 1
19750421 309 3 292 1
19750421 318 3 151 1
19750421 14 3 41 1
19750421 288 3 148 1
19750421 309 3 40 1
19750421 318 3 14 1
19750421 288 3 309 1
19750421 288 3 318 1
19750420 99 3 195 1
19750420 178 3 68 1
19750420 267 3 21 1
19750420 24 3 310 1
19750420 264 3 100 1
19750420 354 3 102 1
19750420 250 3 227 1
19750420 246 3 314 1
19750420 164 3 230 1
19750420 364 3 242 1
19750420 380 3 454 1
19750420 133 3 475 1
19750420 152 3 404 1
19750420 84 3 33 1
19750420 225 3 287 1
19750420 82 3 479 1
19750420 219 3 131 1
19750420 196 3 525 1
19750420 178 3 99 1
19750420 24 3 267 1
19750420 264 3 354 1
19750420 114 3 250 1
19750420 164 3 246 1
19750420 380 3 364 1
19750420 152 3 133 1
19750420 91 3 84 1
19750420 16 3 165 1
19750420 199 3 200 1
19750420 144 3 28 1
19750420 225 3 82 1
19750420 219 3 196 1
19750420 178 3 24 1
19750420 264 3 114 1
19750420 380 3 164 1
19750420 91 3 152 1
19750420 144 3 199 1
19750420 225 3 219 1
19750420 178 3 264 1
19750420 380 3 91 1
19750420 144 3 16 1
19750420 225 3 178 1
19750420 144 3 380 1
19750420 144 3 225 1
19750326 190 3 399 1
19750326 145 3 182 1
19750326 86 3 32 1
19750326 35 3 548 1
19750326 105 3 181 1
19750326 184 3 398 1
19750326 210 3 299 1
19750326 190 3 145 1
19750326 86 3 35 1
19750326 105 3 312 1
19750326 210 3 184 1
19750326 86 3 190 1
19750326 210 3 105 1
19750326 210 3 86 1
19750311 173 3 401 1
19750311 52 3 310 1
19750311 57 3 185 1
19750311 300 3 206 1
19750311 158 3 315 1
19750311 380 3 377 1
19750311 312 3 381 1
19750311 208 3 193 1
19750311 302 3 184 1
19750311 80 3 143 1
19750311 201 3 108 1
19750311 142 3 245 1
19750311 361 3 94 1
19750311 155 3 161 1
19750311 173 3 52 1
19750311 167 3 57 1
19750311 300 3 158 1
19750311 380 3 312 1
19750311 208 3 302 1
19750311 201 3 80 1
19750311 63 3 142 1
19750311 155 3 361 1
19750311 173 3 167 1
19750311 380 3 300 1
19750311 201 3 208 1
19750311 155 3 63 1
19750311 173 3 380 1
19750311 155 3 201 1
19750311 173 3 155 1
19750120 167 3 240 1
19750120 143 3 174 1
19750120 312 3 142 1
19750120 315 3 259 1
19750120 207 3 44 1
19750120 193 3 361 1
19750120 184 3 52 1
19750120 145 3 158 1
19750120 173 3 270 1
19750120 167 3 310 1
19750120 312 3 143 1
19750120 208 3 315 1
19750120 207 3 193 1
19750120 184 3 145 1
19750120 32 3 327 1
19750120 201 3 380 1
19750120 173 3 167 1
19750120 208 3 312 1
19750120 207 3 184 1
19750120 32 3 201 1
19750120 173 3 208 1
19750120 32 3 207 1
19750120 173 3 32 1
19750407 309 3 292 1
19750407 5 3 110 1
19750407 291 3 86 1
19750407 151 3 204 1
19750407 168 3 148 1
19750407 343 3 262 1
19750407 323 3 468 1
19750407 371 3 319 1
19750407 288 3 67 1
19750407 320 3 254 1
19750407 14 3 171 1
19750407 41 3 54 1
19750407 7 3 147 1
19750407 40 3 367 1
19750407 303 3 240 1
19750407 318 3 338 1
19750407 309 3 5 1
19750407 151 3 291 1
19750407 168 3 343 1
19750407 371 3 323 1
19750407 288 3 320 1
19750407 41 3 14 1
19750407 40 3 7 1
19750407 318 3 303 1
19750407 309 3 151 1
19750407 371 3 168 1
19750407 41 3 288 1
19750407 318 3 40 1
19750407 371 3 309 1
19750407 318 3 41 1
19750407 371 3 318 1
19750217 348 3 233 1
19750217 369 3 123 1
19750217 244 3 321 1
19750217 282 3 205 1
19750217 228 3 301 1
19750217 23 3 135 1
19750217 81 3 87 1
19750217 266 3 241 1
19750217 66 3 125 1
19750217 64 3 212 1
19750217 175 3 372 1
19750217 93 3 349 1
19750217 134 3 115 1
19750217 180 3 141 1
19750217 369 3 348 1
19750217 244 3 282 1
19750217 228 3 23 1
19750217 81 3 266 1
19750217 64 3 66 1
19750217 175 3 93 1
19750217 134 3 328 1
19750217 180 3 12 1
19750217 369 3 244 1
19750217 81 3 228 1
19750217 64 3 175 1
19750217 180 3 134 1
19750217 81 3 369 1
19750217 180 3 64 1
19750217 180 3 81 1
19750310 34 3 106 1
19750310 78 3 522 1
19750310 22 3 252 1
19750310 45 3 260 1
19750310 187 3 332 1
19750310 334 3 79 1
19750310 37 3 132 1
19750310 69 3 441 1
19750310 248 3 284 1
19750310 36 3 104 1
19750310 197 3 493 1
19750310 128 3 326 1
19750310 19 3 385 1
19750310 34 3 78 1
19750310 22 3 17 1
19750310 45 3 187 1
19750310 37 3 334 1
19750310 69 3 213 1
19750310 248 3 36 1
19750310 214 3 197 1
19750310 19 3 128 1
19750310 34 3 22 1
19750310 45 3 37 1
19750310 248 3 69 1
19750310 19 3 214 1
19750310 34 3 45 1
19750310 19 3 248 1
19750310 19 3 34 1
19750127 353 3 95 1
19750127 214 3 192 1
19750127 260 3 79 1
19750127 36 3 106 1
19750127 1 3 45 1
19750127 37 3 32 1
19750127 385 3 104 1
19750127 19 3 69 1
19750127 252 3 332 1
19750127 257 3 78 1
19750127 44 3 358 1
19750127 213 3 187 1
19750127 168 3 128 1
19750127 125 3 326 1
19750127 197 3 334 1
19750127 34 3 132 1
19750127 353 3 214 1
19750127 36 3 260 1
19750127 1 3 37 1
19750127 19 3 385 1
19750127 252 3 257 1
19750127 213 3 44 1
19750127 168 3 125 1
19750127 34 3 197 1
19750127 353 3 36 1
19750127 19 3 1 1
19750127 213 3 252 1
19750127 34 3 168 1
19750127 19 3 353 1
19750127 34 3 213 1
19750127 34 3 19 1
19750421 19 3 79 1
19750421 385 3 187 1
19750421 160 3 1 1
19750421 45 3 78 1
19750421 252 3 257 1
19750421 106 3 214 1
19750421 69 3 33 1
19750421 213 3 25 1
19750421 353 3 22 1
19750421 132 3 332 1
19750421 197 3 85 1
19750421 334 3 36 1
19750421 104 3 314 1
19750421 17 3 248 1
19750421 339 3 34 1
19750421 19 3 385 1
19750421 45 3 160 1
19750421 252 3 106 1
19750421 69 3 213 1
19750421 353 3 260 1
19750421 197 3 132 1
19750421 104 3 334 1
19750421 339 3 17 1
19750421 19 3 45 1
19750421 252 3 69 1
19750421 353 3 197 1
19750421 104 3 339 1
19750421 19 3 252 1
19750421 353 3 104 1
19750421 19 3 353 1
19750310 309 3 303 1
19750310 371 3 338 1
19750310 7 3 148 1
19750310 343 3 204 1
19750310 291 3 222 1
19750310 151 3 292 1
19750310 54 3 288 1
19750310 254 3 96 1
19750310 5 3 171 1
19750310 168 3 110 1
19750310 40 3 147 1
19750310 319 3 41 1
19750310 262 3 49 1
19750310 318 3 67 1
19750310 309 3 320 1
19750310 371 3 14 1
19750310 343 3 7 1
19750310 291 3 151 1
19750310 54 3 254 1
19750310 5 3 168 1
19750310 40 3 319 1
19750310 318 3 262 1
19750310 309 3 371 1
19750310 343 3 291 1
19750310 54 3 5 1
19750310 318 3 40 1
19750310 309 3 343 1
19750310 54 3 318 1
19750310 309 3 54 1
19750507 127 3 315 1
19750507 102 3 244 1
19750507 133 3 206 1
19750507 148 3 248 1
19750507 193 3 78 1
19750507 269 3 227 1
19750507 267 3 207 1
19750507 155 3 158 1
19750507 132 3 23 1
19750507 79 3 380 1
19750507 208 3 104 1
19750507 128 3 334 1
19750507 178 3 204 1
19750507 332 3 131 1
19750507 144 3 368 1
19750507 127 3 102 1
19750507 133 3 148 1
19750507 364 3 193 1
19750507 269 3 267 1
19750507 155 3 132 1
19750507 208 3 79 1
19750507 128 3 178 1
19750507 144 3 332 1
19750507 127 3 133 1
19750507 364 3 269 1
19750507 208 3 155 1
19750507 144 3 128 1
19750507 127 3 364 1
19750507 208 3 144 1
19750507 127 3 208 1
19750428 294 3 250 1
19750428 152 3 91 1
19750428 27 3 232 1
19750428 222 3 506 1
19750428 263 3 100 1
19750428 373 3 195 1
19750428 376 3 425 1
19750428 49 3 165 1
19750428 75 3 21 1
19750428 206 3 219 1
19750428 166 3 395 1
19750428 164 3 363 1
19750428 284 3 242 1
19750428 230 3 532 1
19750428 78 3 294 1
19750428 152 3 104 1
19750428 114 3 404 1
19750428 364 3 27 1
19750428 260 3 222 1
19750428 263 3 178 1
19750428 131 3 373 1
19750428 68 3 376 1
19750428 148 3 49 1
19750428 75 3 23 1
19750428 199 3 166 1
19750428 164 3 227 1
19750428 24 3 284 1
19750428 99 3 230 1
19750428 78 3 152 1
19750428 364 3 114 1
19750428 260 3 263 1
19750428 68 3 131 1
19750428 148 3 75 1
19750428 164 3 199 1
19750428 99 3 24 1
19750428 78 3 364 1
19750428 260 3 68 1
19750428 164 3 99 1
19750428 78 3 260 1
19750428 148 3 164 1
19750428 78 3 148 1
19750210 233 3 115 1
19750210 244 3 123 1
19750210 64 3 369 1
19750210 282 3 175 1
19750210 328 3 372 1
19750210 228 3 348 1
19750210 66 3 71 1
19750210 266 3 135 1
19750210 134 3 12 1
19750210 23 3 349 1
19750210 301 3 87 1
19750210 205 3 321 1
19750210 125 3 545 1
19750210 93 3 180 1
19750210 233 3 244 1
19750210 282 3 64 1
19750210 328 3 81 1
19750210 66 3 228 1
19750210 266 3 241 1
19750210 134 3 23 1
19750210 301 3 205 1
19750210 93 3 125 1
19750210 233 3 282 1
19750210 328 3 66 1
19750210 134 3 266 1
19750210 93 3 301 1
19750210 328 3 233 1
19750210 134 3 93 1
19750210 134 3 328 1
19751110 127 3 526 1
19751110 219 3 361 1
19751110 385 3 24 1
19751110 128 3 287 1
19751110 294 3 371 1
19751110 364 3 542 1
19751110 49 3 507 1
19751110 368 3 367 1
19751110 204 3 132 1
19751110 199 3 50 1
19751110 343 3 257 1
19751110 262 3 207 1
19751110 127 3 219 1
19751110 385 3 128 1
19751110 294 3 364 1
19751110 148 3 446 1
19751110 368 3 49 1
19751110 151 3 204 1
19751110 199 3 343 1
19751110 1 3 262 1
19751110 127 3 385 1
19751110 294 3 148 1
19751110 151 3 368 1
19751110 1 3 199 1
19751110 127 3 294 1
19751110 1 3 151 1
19751110 127 3 1 1
19750112 243 3 176 1
19750112 169 3 547 1
19750112 321 3 487 1
19750112 291 3 124 1
19750112 178 3 58 1
19750112 325 3 297 1
19750112 78 3 277 1
19750112 236 3 232 1
19750112 252 3 243 1
19750112 169 3 65 1
19750112 291 3 321 1
19750112 40 3 178 1
19750112 325 3 35 1
19750112 78 3 331 1
19750112 334 3 236 1
19750112 252 3 433 1
19750112 169 3 291 1
19750112 40 3 325 1
19750112 78 3 334 1
19750112 252 3 169 1
19750112 40 3 78 1
19750112 252 3 40 1
19751005 202 3 33 1
19751005 307 3 399 1
19751005 152 3 50 1
19751005 242 3 407 1
19751005 286 3 115 1
19751005 23 3 197 1
19751005 333 3 200 1
19751005 246 3 214 1
19751005 232 3 431 1
19751005 16 3 375 1
19751005 248 3 133 1
19751005 132 3 4 1
19751005 372 3 368 1
19751005 324 3 424 1
19751005 202 3 87 1
19751005 152 3 307 1
19751005 242 3 286 1
19751005 333 3 23 1
19751005 232 3 246 1
19751005 248 3 16 1
19751005 372 3 132 1
19751005 225 3 324 1
19751005 202 3 152 1
19751005 333 3 242 1
19751005 248 3 232 1
19751005 372 3 225 1
19751005 202 3 333 1
19751005 248 3 372 1
19751005 248 3 202 1
19750304 158 3 185 1
19750304 112 3 206 1
19750304 80 3 184 1
19750304 300 3 216 1
19750304 12 3 65 1
19750304 212 3 57 1
19750304 243 3 161 1
19750304 302 3 340 1
19750304 327 3 18 1
19750304 377 3 369 1
19750304 361 3 158 1
19750304 80 3 112 1
19750304 380 3 300 1
19750304 12 3 212 1
19750304 302 3 243 1
19750304 201 3 94 1
19750304 377 3 361 1
19750304 380 3 80 1
19750304 302 3 12 1
19750304 380 3 377 1
19750304 201 3 302 1
19750304 201 3 380 1
19750129 310 3 201 1
19750129 108 3 270 1
19750129 371 3 380 1
19750129 312 3 142 1
19750129 145 3 167 1
19750129 158 3 184 1
19750129 208 3 193 1
19750129 52 3 310 1
19750129 371 3 108 1
19750129 312 3 145 1
19750129 143 3 361 1
19750129 207 3 174 1
19750129 208 3 63 1
19750129 371 3 52 1
19750129 207 3 143 1
19750129 371 3 208 1
19750129 312 3 207 1
19750129 312 3 371 1
19750224 310 3 143 1
19750224 302 3 418 1
19750224 201 3 186 1
19750224 193 3 216 1
19750224 158 3 52 1
19750224 206 3 94 1
19750224 155 3 380 1
19750224 312 3 327 1
19750224 207 3 167 1
19750224 275 3 377 1
19750224 310 3 173 1
19750224 201 3 302 1
19750224 158 3 206 1
19750224 155 3 63 1
19750224 312 3 544 1
19750224 145 3 207 1
19750224 275 3 57 1
19750224 310 3 201 1
19750224 312 3 155 1
19750224 275 3 145 1
19750224 312 3 275 1
19750118 315 3 431 1
19750118 145 3 142 1
19750118 63 3 464 1
19750118 361 3 385 1
19750118 312 3 327 1
19750118 108 3 310 1
19750118 52 3 270 1
19750118 167 3 143 1
19750118 201 3 174 1
19750118 173 3 184 1
19750118 207 3 315 1
19750118 63 3 145 1
19750118 361 3 380 1
19750118 108 3 312 1
19750118 208 3 371 1
19750118 201 3 167 1
19750118 173 3 207 1
19750118 361 3 63 1
19750118 208 3 108 1
19750118 173 3 361 1
19750118 208 3 201 1
19750118 173 3 208 1
19750209 299 3 494 1
19750209 276 3 246 1
19750209 149 3 133 1
19750209 27 3 162 1
19750209 336 3 419 1
19750209 154 3 230 1
19750209 64 3 299 1
19750209 276 3 267 1
19750209 175 3 149 1
19750209 27 3 372 1
19750209 131 3 336 1
19750209 144 3 154 1
19750209 64 3 276 1
19750209 27 3 226 1
19750209 144 3 131 1
19750209 175 3 64 1
19750209 144 3 27 1
19750209 175 3 144 1
19751106 19 3 147 1
19751106 361 3 327 1
19751106 87 3 25 1
19751106 292 3 254 1
19751106 1 3 135 1
19751106 326 3 300 1
19751106 208 3 314 1
19751106 68 3 243 1
19751106 123 3 127 1
19751106 104 3 339 1
19751106 252 3 442 1
19751106 195 3 106 1
19751106 318 3 509 1
19751106 241 3 214 1
19751106 37 3 184 1
19751106 187 3 367 1
19751106 368 3 23 1
19751106 81 3 45 1
19751106 33 3 402 1
19751106 144 3 148 1
19751106 93 3 385 1
19751106 371 3 450 1
19751106 312 3 16 1
19751106 34 3 324 1
19751106 175 3 465 1
19751106 171 3 168 1
19751106 85 3 132 1
19751106 28 3 155 1
19751106 102 3 54 1
19751106 353 3 112 1
19751106 364 3 332 1
19751106 173 3 380 1
19751106 19 3 361 1
19751106 292 3 87 1
19751106 1 3 326 1
19751106 208 3 68 1
19751106 123 3 104 1
19751106 252 3 195 1
19751106 318 3 241 1
19751106 37 3 187 1
19751106 368 3 81 1
19751106 144 3 33 1
19751106 93 3 371 1
19751106 34 3 312 1
19751106 175 3 171 1
19751106 28 3 85 1
19751106 353 3 102 1
19751106 173 3 364 1
19751106 19 3 292 1
19751106 1 3 208 1
19751106 252 3 123 1
19751106 318 3 37 1
19751106 144 3 368 1
19751106 34 3 93 1
19751106 28 3 175 1
19751106 173 3 353 1
19751106 1 3 19 1
19751106 252 3 318 1
19751106 34 3 144 1
19751106 173 3 28 1
19751106 1 3 252 1
19751106 173 3 34 1
19751106 1 3 173 1
19750414 228 3 322 1
19750414 135 3 348 1
19750414 115 3 481 1
19750414 233 3 372 1
19750414 328 3 383 1
19750414 205 3 123 1
19750414 369 3 359 1
19750414 81 3 211 1
19750414 134 3 93 1
19750414 23 3 504 1
19750414 244 3 386 1
19750414 301 3 125 1
19750414 12 3 282 1
19750414 64 3 241 1
19750414 321 3 349 1
19750414 180 3 266 1
19750414 228 3 135 1
19750414 233 3 115 1
19750414 328 3 205 1
19750414 81 3 369 1
19750414 134 3 23 1
19750414 301 3 244 1
19750414 64 3 12 1
19750414 180 3 321 1
19750414 228 3 233 1
19750414 328 3 81 1
19750414 301 3 134 1
19750414 180 3 64 1
19750414 328 3 228 1
19750414 301 3 180 1
19750414 301 3 328 1
19750623 173 3 187 1
19750623 369 3 23 1
19750623 228 3 145 1
19750623 178 3 393 1
19750623 291 3 371 1
19750623 28 3 148 1
19750623 78 3 377 1
19750623 282 3 158 1
19750623 168 3 7 1
19750623 147 3 349 1
19750623 1 3 219 1
19750623 155 3 114 1
19750623 110 3 185 1
19750623 66 3 68 1
19750623 22 3 232 1
19750623 127 3 321 1
19750623 292 3 193 1
19750623 364 3 262 1
19750623 167 3 470 1
19750623 252 3 500 1
19750623 339 3 181 1
19750623 323 3 10 1
19750623 229 3 278 1
19750623 144 3 338 1
19750623 326 3 208 1
19750623 241 3 84 1
19750623 318 3 301 1
19750623 368 3 230 1
19750623 207 3 132 1
19750623 52 3 27 1
19750623 123 3 115 1
19750623 125 3 106 1
19750623 267 3 128 1
19750623 180 3 206 1
19750623 41 3 297 1
19750623 205 3 93 1
19750623 19 3 37 1
19750623 54 3 381 1
19750623 266 3 199 1
19750623 67 3 361 1
19750623 233 3 264 1
19750623 150 3 380 1
19750623 151 3 312 1
19750623 244 3 133 1
19750623 34 3 195 1
19750623 260 3 299 1
19750623 213 3 35 1
19750623 135 3 17 1
19750623 353 3 248 1
19750623 164 3 315 1
19750623 5 3 12 1
19750623 14 3 343 1
19750623 48 3 328 1
19750623 104 3 332 1
19750623 319 3 300 1
19750623 204 3 186 1
19750623 358 3 175 1
19750623 141 3 334 1
19750623 33 3 499 1
19750623 184 3 227 1
19750623 210 3 69 1
19750623 173 3 369 1
19750623 228 3 178 1
19750623 28 3 291 1
19750623 282 3 78 1
19750623 288 3 168 1
19750623 1 3 147 1
19750623 110 3 155 1
19750623 66 3 22 1
19750623 127 3 292 1
19750623 364 3 167 1
19750623 252 3 339 1
19750623 323 3 229 1
19750623 326 3 144 1
19750623 241 3 307 1
19750623 318 3 368 1
19750623 52 3 207 1
19750623 123 3 125 1
19750623 267 3 180 1
19750623 41 3 49 1
19750623 19 3 205 1
19750623 54 3 266 1
19750623 233 3 67 1
19750623 151 3 150 1
19750623 34 3 244 1
19750623 213 3 260 1
19750623 353 3 135 1
19750623 5 3 164 1
19750623 14 3 48 1
19750623 319 3 104 1
19750623 358 3 204 1
19750623 33 3 141 1
19750623 210 3 184 1
19750623 173 3 228 1
19750623 282 3 28 1
19750623 288 3 1 1
19750623 66 3 110 1
19750623 127 3 364 1
19750623 323 3 252 1
19750623 241 3 326 1
19750623 318 3 52 1
19750623 123 3 267 1
19750623 19 3 41 1
19750623 233 3 54 1
19750623 34 3 151 1
19750623 353 3 213 1
19750623 5 3 14 1
19750623 358 3 319 1
19750623 210 3 33 1
19750623 173 3 282 1
19750623 288 3 66 1
19750623 127 3 323 1
19750623 318 3 241 1
19750623 19 3 123 1
19750623 34 3 233 1
19750623 353 3 5 1
19750623 358 3 210 1
19750623 173 3 288 1
19750623 318 3 127 1
19750623 19 3 34 1
19750623 358 3 353 1
19750623 173 3 318 1
19750623 19 3 358 1
19750623 19 3 173 1
19750224 19 3 187 1
19750224 326 3 17 1
19750224 78 3 248 1
19750224 37 3 79 1
19750224 213 3 104 1
19750224 334 3 103 1
19750224 260 3 385 1
19750224 36 3 220 1
19750224 353 3 22 1
19750224 132 3 128 1
19750224 332 3 257 1
19750224 45 3 1 1
19750224 14 3 449 1
19750224 106 3 69 1
19750224 315 3 197 1
19750224 34 3 214 1
19750224 19 3 326 1
19750224 37 3 78 1
19750224 213 3 334 1
19750224 260 3 36 1
19750224 353 3 132 1
19750224 332 3 45 1
19750224 106 3 14 1
19750224 34 3 315 1
19750224 19 3 37 1
19750224 260 3 213 1
19750224 353 3 332 1
19750224 34 3 106 1
19750224 19 3 260 1
19750224 353 3 34 1
19750224 19 3 353 1
19751102 321 3 40 1
19751102 35 3 137 1
19751102 134 3 211 1
19751102 197 3 525 1
19751102 358 3 79 1
19751102 205 3 299 1
19751102 240 3 359 1
19751102 351 3 12 1
19751102 319 3 10 1
19751102 288 3 201 1
19751102 52 3 267 1
19751102 190 3 349 1
19751102 170 3 182 1
19751102 110 3 301 1
19751102 206 3 481 1
19751102 210 3 57 1
19751102 225 3 321 1
19751102 35 3 322 1
19751102 134 3 69 1
19751102 197 3 334 1
19751102 358 3 207 1
19751102 213 3 205 1
19751102 41 3 240 1
19751102 78 3 351 1
19751102 319 3 246 1
19751102 288 3 94 1
19751102 383 3 52 1
19751102 190 3 65 1
19751102 170 3 291 1
19751102 128 3 110 1
19751102 315 3 206 1
19751102 210 3 192 1
19751102 225 3 35 1
19751102 134 3 197 1
19751102 358 3 213 1
19751102 78 3 41 1
19751102 288 3 319 1
19751102 190 3 383 1
19751102 128 3 170 1
19751102 210 3 315 1
19751102 225 3 134 1
19751102 358 3 78 1
19751102 288 3 190 1
19751102 210 3 128 1
19751102 225 3 358 1
19751102 288 3 210 1
19751102 288 3 225 1
19750915 19 3 104 1
19750915 110 3 125 1
19750915 213 3 315 1
19750915 292 3 80 1
19750915 66 3 484 1
19750915 349 3 300 1
19750915 301 3 112 1
19750915 35 3 178 1
19750915 288 3 377 1
19750915 241 3 42 1
19750915 319 3 381 1
19750915 23 3 326 1
19750915 233 3 67 1
19750915 93 3 176 1
19750915 369 3 167 1
19750915 168 3 219 1
19750915 81 3 44 1
19750915 332 3 78 1
19750915 324 3 54 1
19750915 64 3 275 1
19750915 171 3 185 1
19750915 12 3 79 1
19750915 32 3 48 1
19750915 134 3 339 1
19750915 252 3 135 1
19750915 345 3 170 1
19750915 41 3 49 1
19750915 7 3 331 1
19750915 282 3 123 1
19750915 181 3 76 1
19750915 28 3 287 1
19750915 318 3 240 1
19750915 19 3 110 1
19750915 213 3 292 1
19750915 66 3 349 1
19750915 301 3 35 1
19750915 288 3 241 1
19750915 319 3 23 1
19750915 233 3 93 1
19750915 168 3 369 1
19750915 81 3 332 1
19750915 64 3 324 1
19750915 171 3 12 1
19750915 134 3 32 1
19750915 252 3 345 1
19750915 7 3 41 1
19750915 181 3 282 1
19750915 318 3 28 1
19750915 19 3 213 1
19750915 301 3 66 1
19750915 288 3 319 1
19750915 233 3 168 1
19750915 81 3 64 1
19750915 134 3 171 1
19750915 7 3 252 1
19750915 318 3 181 1
19750915 19 3 301 1
19750915 288 3 233 1
19750915 134 3 81 1
19750915 318 3 7 1
19750915 19 3 288 1
19750915 318 3 134 1
19750915 19 3 318 1
19750729 81 3 170 1
19750729 42 3 137 1
19750729 147 3 178 1
19750729 48 3 299 1
19750729 64 3 104 1
19750729 112 3 227 1
19750729 349 3 334 1
19750729 35 3 287 1
19750729 78 3 187 1
19750729 135 3 343 1
19750729 326 3 192 1
19750729 282 3 67 1
19750729 258 3 294 1
19750729 300 3 93 1
19750729 345 3 241 1
19750729 328 3 238 1
19750729 42 3 81 1
19750729 48 3 147 1
19750729 64 3 112 1
19750729 349 3 35 1
19750729 78 3 135 1
19750729 326 3 282 1
19750729 300 3 258 1
19750729 328 3 345 1
19750729 48 3 42 1
19750729 349 3 64 1
19750729 326 3 78 1
19750729 328 3 300 1
19750729 349 3 48 1
19750729 326 3 328 1
19750729 349 3 326 1
19750811 115 3 525 1
19750811 267 3 545 1
19750811 45 3 184 1
19750811 380 3 206 1
19750811 155 3 71 1
19750811 68 3 79 1
19750811 282 3 133 1
19750811 257 3 16 1
19750811 144 3 260 1
19750811 332 3 99 1
19750811 343 3 246 1
19750811 287 3 240 1
19750811 180 3 24 1
19750811 252 3 232 1
19750811 197 3 214 1
19750811 102 3 385 1
19750811 134 3 293 1
19750811 250 3 168 1
19750811 23 3 64 1
19750811 205 3 262 1
19750811 225 3 227 1
19750811 8 3 292 1
19750811 201 3 49 1
19750811 148 3 368 1
19750811 309 3 178 1
19750811 377 3 300 1
19750811 131 3 361 1
19750811 294 3 123 1
19750811 267 3 115 1
19750811 380 3 45 1
19750811 68 3 155 1
19750811 282 3 257 1
19750811 144 3 332 1
19750811 343 3 287 1
19750811 180 3 264 1
19750811 197 3 252 1
19750811 1 3 102 1
19750811 134 3 132 1
19750811 250 3 23 1
19750811 225 3 205 1
19750811 201 3 8 1
19750811 148 3 309 1
19750811 131 3 377 1
19750811 34 3 294 1
19750811 380 3 267 1
19750811 282 3 68 1
19750811 144 3 343 1
19750811 180 3 197 1
19750811 1 3 134 1
19750811 225 3 250 1
19750811 201 3 148 1
19750811 131 3 34 1
19750811 282 3 380 1
19750811 144 3 180 1
19750811 225 3 1 1
19750811 201 3 131 1
19750811 144 3 282 1
19750811 225 3 201 1
19750811 225 3 144 1
19751019 78 3 525 1
19751019 137 3 205 1
19751019 288 3 65 1
19751019 323 3 186 1
19751019 125 3 35 1
19751019 7 3 245 1
19751019 328 3 206 1
19751019 240 3 334 1
19751019 349 3 315 1
19751019 358 3 67 1
19751019 319 3 278 1
19751019 267 3 134 1
19751019 170 3 94 1
19751019 210 3 78 1
19751019 301 3 137 1
19751019 288 3 282 1
19751019 323 3 290 1
19751019 180 3 125 1
19751019 7 3 213 1
19751019 41 3 36 1
19751019 328 3 12 1
19751019 66 3 240 1
19751019 349 3 229 1
19751019 358 3 291 1
19751019 319 3 192 1
19751019 267 3 57 1
19751019 110 3 170 1
19751019 369 3 190 1
19751019 301 3 210 1
19751019 323 3 288 1
19751019 180 3 7 1
19751019 328 3 66 1
19751019 349 3 358 1
19751019 319 3 267 1
19751019 110 3 369 1
19751019 301 3 323 1
19751019 41 3 180 1
19751019 328 3 349 1
19751019 319 3 110 1
19751019 301 3 41 1
19751019 328 3 319 1
19751019 328 3 301 1
19750411 34 3 78 1
19750411 17 3 385 1
19750411 260 3 48 1
19750411 213 3 257 1
19750411 45 3 113 1
19750411 69 3 498 1
19750411 193 3 187 1
19750411 37 3 1 1
19750411 353 3 334 1
19750411 128 3 79 1
19750411 36 3 496 1
19750411 252 3 332 1
19750411 106 3 197 1
19750411 132 3 439 1
19750411 289 3 214 1
19750411 19 3 416 1
19750411 34 3 17 1
19750411 213 3 260 1
19750411 45 3 69 1
19750411 37 3 193 1
19750411 353 3 128 1
19750411 252 3 36 1
19750411 106 3 132 1
19750411 19 3 289 1
19750411 34 3 213 1
19750411 45 3 37 1
19750411 353 3 252 1
19750411 106 3 19 1
19750411 45 3 34 1
19750411 353 3 106 1
19750411 45 3 353 1
19751013 127 3 152 1
19751013 199 3 367 1
19751013 219 3 147 1
19751013 175 3 232 1
19751013 87 3 123 1
19751013 28 3 499 1
19751013 252 3 33 1
19751013 292 3 15 1
19751013 34 3 184 1
19751013 326 3 368 1
19751013 204 3 257 1
19751013 133 3 49 1
19751013 155 3 132 1
19751013 148 3 394 1
19751013 187 3 201 1
19751013 207 3 287 1
19751013 16 3 333 1
19751013 99 3 104 1
19751013 162 3 424 1
19751013 151 3 167 1
19751013 364 3 262 1
19751013 197 3 112 1
19751013 128 3 324 1
19751013 144 3 479 1
19751013 294 3 163 1
19751013 208 3 243 1
19751013 1 3 475 1
19751013 68 3 242 1
19751013 23 3 330 1
19751013 225 3 24 1
19751013 127 3 199 1
19751013 175 3 219 1
19751013 87 3 28 1
19751013 252 3 292 1
19751013 34 3 326 1
19751013 204 3 133 1
19751013 155 3 148 1
19751013 187 3 207 1
19751013 99 3 16 1
19751013 151 3 162 1
19751013 197 3 364 1
19751013 144 3 128 1
19751013 208 3 294 1
19751013 225 3 23 1
19751013 127 3 175 1
19751013 87 3 252 1
19751013 34 3 204 1
19751013 155 3 187 1
19751013 151 3 99 1
19751013 144 3 197 1
19751013 1 3 208 1
19751013 225 3 68 1
19751013 127 3 87 1
19751013 34 3 155 1
19751013 151 3 144 1
19751013 1 3 225 1
19751013 34 3 127 1
19751013 1 3 151 1
19751013 34 3 1 1
19750926 19 3 32 1
19750926 361 3 129 1
19750926 66 3 28 1
19750926 332 3 42 1
19750926 252 3 345 1
19750926 315 3 287 1
19750926 323 3 185 1
19750926 219 3 125 1
19750926 123 3 318 1
19750926 292 3 171 1
19750926 64 3 181 1
19750926 339 3 167 1
19750926 110 3 233 1
19750926 93 3 35 1
19750926 54 3 207 1
19750926 368 3 240 1
19750926 112 3 135 1
19750926 213 3 349 1
19750926 76 3 326 1
19750926 168 3 134 1
19750926 324 3 79 1
19750926 81 3 137 1
19750926 275 3 381 1
19750926 288 3 78 1
19750926 170 3 23 1
19750926 301 3 176 1
19750926 178 3 300 1
19750926 195 3 49 1
19750926 67 3 104 1
19750926 41 3 192 1
19750926 7 3 331 1
19750926 127 3 241 1
19750926 19 3 361 1
19750926 66 3 332 1
19750926 315 3 252 1
19750926 323 3 219 1
19750926 123 3 292 1
19750926 64 3 339 1
19750926 110 3 93 1
19750926 54 3 368 1
19750926 112 3 213 1
19750926 168 3 76 1
19750926 81 3 324 1
19750926 275 3 288 1
19750926 301 3 170 1
19750926 195 3 178 1
19750926 41 3 67 1
19750926 127 3 7 1
19750926 19 3 66 1
19750926 323 3 315 1
19750926 64 3 123 1
19750926 110 3 54 1
19750926 168 3 112 1
19750926 81 3 275 1
19750926 301 3 195 1
19750926 127 3 41 1
19750926 19 3 323 1
19750926 110 3 64 1
19750926 168 3 81 1
19750926 127 3 301 1
19750926 19 3 110 1
19750926 127 3 168 1
19750926 19 3 127 1
19751005 173 3 250 1
19751005 125 3 35 1
19751005 32 3 326 1
19751005 213 3 349 1
19751005 28 3 81 1
19751005 255 3 205 1
19751005 181 3 241 1
19751005 301 3 104 1
19751005 192 3 66 1
19751005 54 3 245 1
19751005 168 3 41 1
19751005 323 3 327 1
19751005 93 3 78 1
19751005 7 3 67 1
19751005 134 3 172 1
19751005 173 3 125 1
19751005 32 3 213 1
19751005 28 3 255 1
19751005 301 3 181 1
19751005 135 3 192 1
19751005 168 3 54 1
19751005 323 3 93 1
19751005 7 3 134 1
19751005 173 3 32 1
19751005 28 3 301 1
19751005 135 3 168 1
19751005 323 3 7 1
19751005 173 3 28 1
19751005 323 3 135 1
19751005 173 3 323 1
19750206 34 3 283 1
19750206 370 3 234 1
19750206 79 3 332 1
19750206 248 3 334 1
19750206 36 3 197 1
19750206 106 3 187 1
19750206 260 3 17 1
19750206 353 3 45 1
19750206 213 3 22 1
19750206 37 3 132 1
19750206 78 3 423 1
19750206 1 3 385 1
19750206 252 3 326 1
19750206 257 3 104 1
19750206 19 3 69 1
19750206 34 3 370 1
19750206 248 3 79 1
19750206 36 3 106 1
19750206 353 3 260 1
19750206 37 3 213 1
19750206 1 3 78 1
19750206 252 3 257 1
19750206 19 3 128 1
19750206 34 3 248 1
19750206 353 3 36 1
19750206 37 3 1 1
19750206 19 3 252 1
19750206 34 3 353 1
19750206 19 3 37 1
19750206 34 3 19 1
19751130 34 3 288 1
19751130 134 3 288 1
19751130 127 3 288 1
19751130 34 3 134 1
19751130 127 3 34 1
19751130 34 3 19 1
19751130 144 3 34 1
19751130 127 3 134 1
19751130 144 3 127 1
19751130 19 3 144 1
19751130 144 3 225 1
19751130 144 3 1 1
19751130 19 3 225 1
19751130 19 3 1 1
19751130 225 3 1 1
19751226 294 3 222 1
19751226 219 3 49 1
19751226 219 3 222 1
19751226 90 3 490 1
19751031 204 3 295 1
19751031 294 3 437 1
19751031 204 3 437 1
19751031 294 3 295 1
19750110 190 3 206 1
19750110 359 3 282 1
19750110 190 3 359 1
19750110 282 3 206 1
19750228 190 3 40 1
19750228 210 3 252 1
19750228 210 3 40 1
19750228 110 3 252 1
19750926 155 3 180 1
19750926 175 3 358 1
19750926 155 3 358 1
19750502 312 3 132 1
19750502 45 3 433 1
19750502 312 3 433 1
19750502 187 3 132 1
19750509 260 3 263 1
19750509 99 3 27 1
19750509 260 3 27 1
19750509 99 3 263 1
19750926 263 3 220 1
19750926 27 3 353 1
19750926 220 3 27 1
19750110 343 3 152 1
19751017 71 3 8 1
19751017 293 3 253 1
19751128 178 3 293 1
19751128 227 3 71 1
19751128 71 3 178 1
19751128 227 3 293 1
19751107 227 3 464 1
19751107 221 3 464 1
19750718 262 3 28 1
19750718 262 3 292 1
19750919 34 3 262 1
19750919 33 3 262 1
19750502 225 3 218 1
19750502 197 3 218 1
19750926 236 3 218 1
19750516 147 3 335 1
19750516 22 3 11 1
19750516 147 3 22 1
19750516 335 3 11 1
19750502 147 3 489 1
19750509 225 3 45 1
19750509 312 3 197 1
19750509 45 3 197 1
19750509 225 3 312 1
19750718 225 3 354 1
19750718 144 3 197 1
19750718 144 3 225 1
19750718 197 3 354 1
19750725 225 3 33 1
19750725 34 3 197 1
19750725 34 3 225 1
19750725 33 3 197 1
19750620 99 3 1 1
19750620 69 3 260 1
19750620 260 3 1 1
19750620 99 3 69 1
19750725 155 3 260 1
19750725 175 3 99 1
19750725 260 3 175 1
19750725 155 3 99 1
19750523 260 3 385 1
19750523 99 3 248 1
19750502 128 3 417 1
19750502 208 3 276 1
19750502 208 3 237 1
19750502 133 3 276 1
19750516 128 3 33 1
19750516 34 3 208 1
19750516 34 3 128 1
19750516 33 3 208 1
19750502 22 3 315 1
19750502 335 3 220 1
19750502 22 3 220 1
19750502 335 3 315 1
19750718 155 3 22 1
19750718 175 3 335 1
19750718 22 3 175 1
19750718 155 3 335 1
19751001 369 3 359 1
19751001 205 3 12 1
19751001 12 3 359 1
19751001 206 3 324 1
19750117 252 3 369 1
19750117 40 3 12 1
19750117 252 3 12 1
19750117 40 3 369 1
19751010 276 3 337 1
19751010 337 3 136 1
19750131 288 3 328 1
19750131 318 3 304 1
19750131 288 3 318 1
19750131 328 3 304 1
19751219 173 3 227 1
19751219 288 3 41 1
19751219 41 3 227 1
19751219 288 3 173 1
19750912 380 3 510 1
19750912 149 3 510 1
19750718 33 3 13 1
19750718 34 3 5 1
19750718 5 3 33 1
19750718 34 3 13 1
19751219 34 3 175 1
19751219 155 3 254 1
19751219 34 3 155 1
19751219 175 3 254 1
19751017 173 3 141 1
19751017 318 3 195 1
19751017 173 3 195 1
19751017 318 3 141 1
19751231 252 3 83 1
19751231 133 3 277 1
19751231 187 3 547 1
19751231 78 3 261 1
19751231 375 3 58 1
19751231 40 3 363 1
19751231 296 3 65 1
19751231 35 3 433 1
19751231 297 3 176 1
19751231 36 3 438 1
19751231 321 3 307 1
19751231 252 3 133 1
19751231 67 3 169 1
19751231 78 3 187 1
19751231 292 3 375 1
19751231 40 3 296 1
19751231 35 3 297 1
19751231 291 3 321 1
19751231 252 3 67 1
19751231 292 3 78 1
19751231 40 3 35 1
19751231 291 3 36 1
19751231 252 3 292 1
19751231 40 3 291 1
19751231 252 3 40 1
19751226 297 3 191 1
19751226 334 3 125 1
19751226 378 3 182 1
19751226 7 3 268 1
19751226 39 3 133 1
19751226 187 3 35 1
19751226 223 3 188 1
19751226 328 3 65 1
19751226 186 3 525 1
19751226 78 3 194 1
19751226 338 3 434 1
19751226 282 3 321 1
19751226 229 3 274 1
19751226 40 3 10 1
19751226 101 3 538 1
19751226 36 3 307 1
19751226 261 3 533 1
19751226 110 3 271 1
19751226 363 3 176 1
19751226 213 3 57 1
19751226 360 3 278 1
19751226 358 3 375 1
19751226 379 3 94 1
19751226 54 3 67 1
19751226 72 3 436 1
19751226 319 3 480 1
19751226 58 3 433 1
19751226 292 3 122 1
19751226 156 3 362 1
19751226 190 3 313 1
19751226 210 3 297 1
19751226 334 3 378 1
19751226 39 3 7 1
19751226 223 3 187 1
19751226 328 3 186 1
19751226 78 3 338 1
19751226 229 3 282 1
19751226 40 3 101 1
19751226 291 3 36 1
19751226 261 3 110 1
19751226 213 3 363 1
19751226 358 3 360 1
19751226 54 3 379 1
19751226 319 3 72 1
19751226 292 3 58 1
19751226 190 3 156 1
19751226 210 3 334 1
19751226 39 3 223 1
19751226 78 3 328 1
19751226 229 3 40 1
19751226 291 3 261 1
19751226 358 3 213 1
19751226 319 3 54 1
19751226 190 3 292 1
19751226 210 3 39 1
19751226 229 3 78 1
19751226 291 3 358 1
19751226 190 3 319 1
19751226 229 3 210 1
19751226 190 3 291 1
19751226 229 3 190 1
