552 3541
19760125 349 3 168 1
19760125 66 3 213 1
19760125 87 3 301 1
19760125 233 3 37 1
19760125 319 3 106 1
19760125 134 3 110 1
19760125 282 3 81 1
19760125 144 3 7 1
19760125 349 3 66 1
19760125 87 3 233 1
19760125 134 3 319 1
19760125 144 3 282 1
19760125 349 3 87 1
19760125 144 3 134 1
19760125 349 3 144 1
19760901 173 3 37 1
19760901 275 3 204 1
19760901 104 3 345 1
19760901 228 3 165 1
19760901 371 3 44 1
19760901 332 3 22 1
19760901 108 3 257 1
19760901 385 3 24 1
19760901 19 3 186 1
19760901 155 3 282 1
19760901 216 3 67 1
19760901 66 3 367 1
19760901 32 3 134 1
19760901 361 3 102 1
19760901 106 3 42 1
19760901 291 3 240 1
19760901 127 3 74 1
19760901 319 3 384 1
19760901 164 3 171 1
19760901 214 3 14 1
19760901 69 3 267 1
19760901 193 3 333 1
19760901 10 3 287 1
19760901 338 3 229 1
19760901 288 3 264 1
19760901 68 3 40 1
19760901 46 3 231 1
19760901 301 3 259 1
19760901 87 3 54 1
19760901 137 3 92 1
19760901 366 3 326 1
19760901 180 3 45 1
19760901 213 3 369 1
19760901 368 3 201 1
19760901 170 3 148 1
19760901 318 3 241 1
19760901 250 3 80 1
19760901 233 3 243 1
19760901 128 3 93 1
19760901 144 3 252 1
19760901 81 3 48 1
19760901 324 3 182 1
19760901 110 3 78 1
19760901 292 3 380 1
19760901 23 3 357 1
19760901 31 3 235 1
19760901 1 3 254 1
19760901 115 3 8 1
19760901 294 3 192 1
19760901 340 3 314 1
19760901 328 3 334 1
19760901 147 3 91 1
19760901 7 3 132 1
19760901 195 3 28 1
19760901 225 3 206 1
19760901 353 3 246 1
19760901 197 3 47 1
19760901 5 3 315 1
19760901 41 3 175 1
19760901 187 3 258 1
19760901 245 3 125 1
19760901 151 3 478 1
19760901 34 3 65 1
19760901 173 3 275 1
19760901 104 3 228 1
19760901 371 3 332 1
19760901 385 3 108 1
19760901 155 3 19 1
19760901 66 3 216 1
19760901 361 3 32 1
19760901 106 3 291 1
19760901 127 3 319 1
19760901 214 3 164 1
19760901 193 3 69 1
19760901 338 3 10 1
19760901 68 3 288 1
19760901 301 3 46 1
19760901 87 3 137 1
19760901 180 3 366 1
19760901 213 3 368 1
19760901 318 3 170 1
19760901 233 3 250 1
19760901 144 3 128 1
19760901 81 3 324 1
19760901 292 3 110 1
19760901 31 3 1 1
19760901 294 3 115 1
19760901 328 3 340 1
19760901 7 3 147 1
19760901 225 3 195 1
19760901 353 3 197 1
19760901 41 3 5 1
19760901 187 3 245 1
19760901 34 3 151 1
19760901 173 3 104 1
19760901 371 3 385 1
19760901 155 3 66 1
19760901 106 3 361 1
19760901 127 3 214 1
19760901 338 3 193 1
19760901 68 3 301 1
19760901 87 3 180 1
19760901 318 3 213 1
19760901 144 3 233 1
19760901 81 3 292 1
19760901 328 3 294 1
19760901 225 3 7 1
19760901 41 3 353 1
19760901 34 3 187 1
19760901 173 3 371 1
19760901 155 3 106 1
19760901 127 3 338 1
19760901 87 3 68 1
19760901 144 3 318 1
19760901 225 3 328 1
19760901 34 3 41 1
19760901 173 3 155 1
19760901 127 3 87 1
19760901 144 3 81 1
19760901 34 3 225 1
19760901 173 3 127 1
19760901 34 3 144 1
19760901 173 3 34 1
19760503 45 3 195 1
19760503 102 3 49 1
19760503 22 3 321 1
19760503 305 3 48 1
19760503 257 3 137 1
19760503 17 3 219 1
19760503 91 3 229 1
19760503 260 3 339 1
19760503 281 3 164 1
19760503 368 3 258 1
19760503 204 3 283 1
19760503 264 3 247 1
19760503 193 3 23 1
19760503 67 3 112 1
19760503 1 3 287 1
19760503 45 3 102 1
19760503 22 3 305 1
19760503 257 3 17 1
19760503 260 3 91 1
19760503 281 3 368 1
19760503 264 3 204 1
19760503 67 3 1 1
19760503 45 3 22 1
19760503 257 3 260 1
19760503 264 3 281 1
19760503 67 3 193 1
19760503 257 3 45 1
19760503 264 3 67 1
19760503 257 3 264 1
19761011 35 3 210 1
19761011 291 3 58 1
19761011 7 3 32 1
19761011 361 3 47 1
19761011 319 3 223 1
19761011 213 3 65 1
19761011 229 3 324 1
19761011 170 3 192 1
19761011 321 3 147 1
19761011 78 3 188 1
19761011 125 3 519 1
19761011 349 3 315 1
19761011 110 3 345 1
19761011 282 3 334 1
19761011 40 3 345 1
19761011 323 3 267 1
19761011 291 3 35 1
19761011 7 3 361 1
19761011 213 3 319 1
19761011 229 3 170 1
19761011 78 3 321 1
19761011 349 3 125 1
19761011 282 3 110 1
19761011 40 3 323 1
19761011 7 3 291 1
19761011 229 3 213 1
19761011 349 3 78 1
19761011 282 3 40 1
19761011 229 3 7 1
19761011 282 3 349 1
19761011 229 3 282 1
19761004 192 3 345 1
19761004 233 3 345 1
19761004 187 3 76 1
19761004 134 3 20 1
19761004 172 3 193 1
19761004 137 3 93 1
19761004 323 3 361 1
19761004 32 3 292 1
19761004 31 3 214 1
19761004 41 3 47 1
19761004 7 3 92 1
19761004 324 3 331 1
19761004 28 3 20 1
19761004 68 3 135 1
19761004 233 3 14 1
19761004 168 3 81 1
19761004 187 3 319 1
19761004 134 3 349 1
19761004 170 3 172 1
19761004 190 3 137 1
19761004 241 3 254 1
19761004 301 3 323 1
19761004 318 3 32 1
19761004 54 3 31 1
19761004 40 3 41 1
19761004 7 3 369 1
19761004 328 3 324 1
19761004 28 3 66 1
19761004 19 3 68 1
19761004 233 3 192 1
19761004 187 3 168 1
19761004 134 3 170 1
19761004 190 3 241 1
19761004 301 3 318 1
19761004 40 3 54 1
19761004 328 3 7 1
19761004 19 3 28 1
19761004 233 3 187 1
19761004 134 3 190 1
19761004 301 3 40 1
19761004 328 3 19 1
19761004 134 3 233 1
19761004 301 3 328 1
19761004 134 3 301 1
19761101 318 3 446 1
19761101 213 3 170 1
19761101 349 3 211 1
19761101 207 3 65 1
19761101 81 3 383 1
19761101 110 3 267 1
19761101 78 3 350 1
19761101 332 3 10 1
19761101 268 3 243 1
19761101 40 3 128 1
19761101 206 3 324 1
19761101 69 3 299 1
19761101 182 3 30 1
19761101 350 3 541 1
19761101 321 3 315 1
19761101 147 3 94 1
19761101 318 3 31 1
19761101 213 3 112 1
19761101 349 3 322 1
19761101 207 3 92 1
19761101 81 3 125 1
19761101 110 3 35 1
19761101 78 3 57 1
19761101 332 3 240 1
19761101 32 3 268 1
19761101 40 3 205 1
19761101 206 3 361 1
19761101 69 3 108 1
19761101 192 3 182 1
19761101 350 3 188 1
19761101 321 3 537 1
19761101 210 3 147 1
19761101 318 3 213 1
19761101 207 3 349 1
19761101 81 3 110 1
19761101 78 3 332 1
19761101 40 3 32 1
19761101 69 3 206 1
19761101 192 3 350 1
19761101 210 3 321 1
19761101 318 3 207 1
19761101 81 3 78 1
19761101 69 3 40 1
19761101 210 3 192 1
19761101 318 3 81 1
19761101 69 3 210 1
19761101 318 3 69 1
19760301 155 3 138 1
19760301 276 3 68 1
19760301 106 3 23 1
19760301 208 3 315 1
19760301 175 3 284 1
19760301 78 3 417 1
19760301 267 3 27 1
19760301 353 3 219 1
19760301 155 3 276 1
19760301 208 3 106 1
19760301 175 3 78 1
19760301 353 3 267 1
19760301 155 3 208 1
19760301 175 3 353 1
19760301 155 3 175 1
19761107 173 3 175 1
19761107 33 3 485 1
19761107 22 3 186 1
19761107 80 3 367 1
19761107 288 3 201 1
19761107 149 3 259 1
19761107 353 3 160 1
19761107 314 3 372 1
19761107 127 3 463 1
19761107 340 3 245 1
19761107 48 3 17 1
19761107 254 3 297 1
19761107 228 3 87 1
19761107 85 3 106 1
19761107 380 3 233 1
19761107 362 3 384 1
19761107 135 3 132 1
19761107 184 3 301 1
19761107 219 3 241 1
19761107 134 3 136 1
19761107 23 3 16 1
19761107 246 3 368 1
19761107 68 3 511 1
19761107 225 3 214 1
19761107 102 3 355 1
19761107 328 3 67 1
19761107 333 3 339 1
19761107 41 3 197 1
19761107 187 3 93 1
19761107 37 3 292 1
19761107 157 3 258 1
19761107 34 3 307 1
19761107 173 3 33 1
19761107 22 3 80 1
19761107 288 3 149 1
19761107 353 3 314 1
19761107 127 3 340 1
19761107 48 3 254 1
19761107 228 3 85 1
19761107 380 3 362 1
19761107 135 3 184 1
19761107 134 3 219 1
19761107 246 3 23 1
19761107 225 3 68 1
19761107 328 3 102 1
19761107 41 3 333 1
19761107 187 3 37 1
19761107 34 3 157 1
19761107 173 3 22 1
19761107 288 3 353 1
19761107 48 3 127 1
19761107 228 3 380 1
19761107 135 3 134 1
19761107 225 3 246 1
19761107 41 3 328 1
19761107 34 3 187 1
19761107 173 3 288 1
19761107 228 3 48 1
19761107 225 3 135 1
19761107 41 3 34 1
19761107 228 3 173 1
19761107 225 3 41 1
19761107 228 3 225 1
19760927 134 3 48 1
19760927 172 3 32 1
19760927 245 3 319 1
19760927 321 3 334 1
19760927 41 3 137 1
19760927 104 3 76 1
19760927 14 3 168 1
19760927 361 3 135 1
19760927 328 3 282 1
19760927 129 3 254 1
19760927 326 3 349 1
19760927 40 3 9 1
19760927 301 3 514 1
19760927 110 3 80 1
19760927 369 3 171 1
19760927 37 3 153 1
19760927 233 3 68 1
19760927 64 3 185 1
19760927 88 3 258 1
19760927 47 3 151 1
19760927 243 3 170 1
19760927 292 3 192 1
19760927 54 3 240 1
19760927 318 3 331 1
19760927 93 3 324 1
19760927 66 3 214 1
19760927 187 3 31 1
19760927 81 3 7 1
19760927 332 3 275 1
19760927 28 3 323 1
19760927 67 3 42 1
19760927 19 3 345 1
19760927 134 3 172 1
19760927 245 3 321 1
19760927 41 3 104 1
19760927 14 3 361 1
19760927 129 3 328 1
19760927 326 3 40 1
19760927 301 3 110 1
19760927 369 3 37 1
19760927 64 3 233 1
19760927 47 3 88 1
19760927 292 3 243 1
19760927 318 3 54 1
19760927 66 3 93 1
19760927 81 3 187 1
19760927 332 3 28 1
19760927 19 3 67 1
19760927 134 3 245 1
19760927 41 3 14 1
19760927 326 3 129 1
19760927 369 3 301 1
19760927 47 3 64 1
19760927 318 3 292 1
19760927 81 3 66 1
19760927 19 3 332 1
19760927 41 3 134 1
19760927 326 3 369 1
19760927 318 3 47 1
19760927 81 3 19 1
19760927 41 3 326 1
19760927 318 3 81 1
19760927 318 3 41 1
19761018 288 3 248 1
19761018 259 3 201 1
19761018 180 3 2 1
19761018 340 3 67 1
19761018 155 3 372 1
19761018 203 3 186 1
19761018 22 3 102 1
19761018 364 3 367 1
19761018 225 3 16 1
19761018 45 3 137 1
19761018 199 3 128 1
19761018 380 3 175 1
19761018 202 3 333 1
19761018 151 3 104 1
19761018 385 3 8 1
19761018 269 3 488 1
19761018 371 3 264 1
19761018 287 3 85 1
19761018 41 3 37 1
19761018 197 3 312 1
19761018 219 3 23 1
19761018 220 3 195 1
19761018 134 3 363 1
19761018 163 3 48 1
19761018 17 3 294 1
19761018 132 3 28 1
19761018 69 3 165 1
19761018 326 3 106 1
19761018 375 3 368 1
19761018 152 3 115 1
19761018 87 3 257 1
19761018 288 3 259 1
19761018 340 3 180 1
19761018 155 3 203 1
19761018 22 3 364 1
19761018 225 3 4 1
19761018 45 3 199 1
19761018 380 3 202 1
19761018 385 3 151 1
19761018 269 3 371 1
19761018 41 3 287 1
19761018 197 3 219 1
19761018 134 3 220 1
19761018 163 3 17 1
19761018 69 3 132 1
19761018 375 3 326 1
19761018 87 3 152 1
19761018 288 3 340 1
19761018 155 3 22 1
19761018 225 3 45 1
19761018 385 3 380 1
19761018 41 3 269 1
19761018 134 3 197 1
19761018 163 3 69 1
19761018 87 3 375 1
19761018 288 3 155 1
19761018 225 3 385 1
19761018 134 3 41 1
19761018 87 3 163 1
19761018 225 3 288 1
19761018 87 3 134 1
19761018 225 3 87 1
19761123 133 3 209 1
19761123 325 3 195 1
19761123 326 3 14 1
19761123 77 3 273 1
19761123 292 3 201 1
19761123 170 3 113 1
19761123 232 3 68 1
19761123 214 3 375 1
19761123 74 3 106 1
19761123 193 3 186 1
19761123 48 3 100 1
19761123 134 3 258 1
19761123 288 3 133 1
19761123 325 3 229 1
19761123 28 3 326 1
19761123 41 3 77 1
19761123 317 3 188 1
19761123 292 3 80 1
19761123 170 3 333 1
19761123 37 3 232 1
19761123 328 3 214 1
19761123 74 3 138 1
19761123 318 3 193 1
19761123 376 3 215 1
19761123 48 3 299 1
19761123 134 3 243 1
19761123 288 3 325 1
19761123 66 3 28 1
19761123 41 3 317 1
19761123 292 3 170 1
19761123 328 3 37 1
19761123 318 3 74 1
19761123 134 3 48 1
19761123 288 3 66 1
19761123 41 3 292 1
19761123 328 3 318 1
19761123 134 3 376 1
19761123 41 3 288 1
19761123 134 3 328 1
19761123 134 3 41 1
19760817 127 3 192 1
19760817 23 3 91 1
19760817 99 3 187 1
19760817 24 3 104 1
19760817 32 3 319 1
19760817 148 3 384 1
19760817 252 3 68 1
19760817 213 3 326 1
19760817 151 3 332 1
19760817 110 3 293 1
19760817 45 3 197 1
19760817 240 3 304 1
19760817 180 3 205 1
19760817 257 3 147 1
19760817 155 3 115 1
19760817 48 3 367 1
19760817 124 3 347 1
19760817 380 3 170 1
19760817 201 3 168 1
19760817 128 3 190 1
19760817 368 3 250 1
19760817 264 3 208 1
19760817 17 3 294 1
19760817 288 3 385 1
19760817 132 3 71 1
19760817 206 3 361 1
19760817 75 3 167 1
19760817 40 3 369 1
19760817 175 3 287 1
19760817 229 3 78 1
19760817 127 3 23 1
19760817 99 3 24 1
19760817 148 3 32 1
19760817 252 3 213 1
19760817 151 3 110 1
19760817 45 3 240 1
19760817 257 3 180 1
19760817 155 3 48 1
19760817 380 3 124 1
19760817 128 3 201 1
19760817 368 3 264 1
19760817 288 3 17 1
19760817 132 3 206 1
19760817 40 3 75 1
19760817 175 3 229 1
19760817 37 3 225 1
19760817 127 3 99 1
19760817 252 3 148 1
19760817 151 3 45 1
19760817 257 3 155 1
19760817 380 3 128 1
19760817 368 3 288 1
19760817 40 3 132 1
19760817 37 3 175 1
19760817 127 3 252 1
19760817 151 3 257 1
19760817 380 3 368 1
19760817 40 3 37 1
19760817 127 3 151 1
19760817 380 3 40 1
19760817 127 3 380 1
19760712 87 3 104 1
19760712 312 3 369 1
19760712 206 3 367 1
19760712 340 3 98 1
19760712 349 3 245 1
19760712 38 3 471 1
19760712 213 3 129 1
19760712 361 3 112 1
19760712 328 3 333 1
19760712 42 3 57 1
19760712 381 3 192 1
19760712 125 3 345 1
19760712 81 3 299 1
19760712 342 3 483 1
19760712 240 3 321 1
19760712 275 3 89 1
19760712 147 3 185 1
19760712 326 3 182 1
19760712 324 3 141 1
19760712 78 3 67 1
19760712 93 3 443 1
19760712 231 3 516 1
19760712 31 3 186 1
19760712 134 3 140 1
19760712 259 3 167 1
19760712 52 3 170 1
19760712 66 3 227 1
19760712 137 3 243 1
19760712 48 3 40 1
19760712 10 3 351 1
19760712 318 3 212 1
19760712 87 3 312 1
19760712 340 3 206 1
19760712 349 3 38 1
19760712 361 3 213 1
19760712 328 3 42 1
19760712 125 3 381 1
19760712 81 3 342 1
19760712 240 3 275 1
19760712 147 3 326 1
19760712 78 3 324 1
19760712 93 3 231 1
19760712 31 3 134 1
19760712 52 3 259 1
19760712 66 3 258 1
19760712 137 3 48 1
19760712 318 3 10 1
19760712 87 3 340 1
19760712 361 3 349 1
19760712 328 3 125 1
19760712 81 3 240 1
19760712 78 3 147 1
19760712 31 3 93 1
19760712 66 3 52 1
19760712 318 3 137 1
19760712 87 3 361 1
19760712 81 3 328 1
19760712 78 3 31 1
19760712 318 3 66 1
19760712 87 3 81 1
19760712 318 3 78 1
19760712 318 3 87 1
19760920 173 3 361 1
19760920 110 3 291 1
19760920 369 3 192 1
19760920 67 3 168 1
19760920 87 3 14 1
19760920 109 3 28 1
19760920 41 3 366 1
19760920 326 3 185 1
19760920 144 3 219 1
19760920 345 3 187 1
19760920 135 3 151 1
19760920 54 3 324 1
19760920 104 3 134 1
19760920 233 3 171 1
19760920 81 3 78 1
19760920 40 3 334 1
19760920 349 3 80 1
19760920 328 3 275 1
19760920 187 3 345 1
19760920 318 3 258 1
19760920 254 3 170 1
19760920 48 3 252 1
19760920 32 3 332 1
19760920 19 3 243 1
19760920 31 3 292 1
19760920 95 3 301 1
19760920 47 3 7 1
19760920 288 3 214 1
19760920 282 3 42 1
19760920 323 3 128 1
19760920 137 3 37 1
19760920 127 3 240 1
19760920 173 3 110 1
19760920 67 3 369 1
19760920 87 3 109 1
19760920 41 3 326 1
19760920 144 3 345 1
19760920 54 3 135 1
19760920 233 3 104 1
19760920 81 3 40 1
19760920 328 3 349 1
19760920 187 3 318 1
19760920 48 3 254 1
19760920 19 3 32 1
19760920 31 3 95 1
19760920 288 3 47 1
19760920 323 3 282 1
19760920 127 3 137 1
19760920 173 3 67 1
19760920 41 3 87 1
19760920 144 3 54 1
19760920 81 3 233 1
19760920 187 3 328 1
19760920 19 3 48 1
19760920 288 3 31 1
19760920 323 3 127 1
19760920 41 3 173 1
19760920 144 3 81 1
19760920 19 3 187 1
19760920 288 3 323 1
19760920 41 3 144 1
19760920 19 3 288 1
19760920 41 3 19 1
19760620 87 3 223 1
19760620 24 3 219 1
19760620 207 3 246 1
19760620 368 3 131 1
19760620 201 3 332 1
19760620 23 3 364 1
19760620 204 3 257 1
19760620 294 3 16 1
19760620 137 3 100 1
19760620 380 3 114 1
19760620 148 3 363 1
19760620 128 3 250 1
19760620 375 3 214 1
19760620 262 3 313 1
19760620 24 3 87 1
19760620 368 3 207 1
19760620 201 3 23 1
19760620 294 3 137 1
19760620 380 3 132 1
19760620 128 3 148 1
19760620 375 3 262 1
19760620 368 3 24 1
19760620 204 3 201 1
19760620 294 3 380 1
19760620 128 3 375 1
19760620 368 3 204 1
19760620 128 3 294 1
19760620 368 3 128 1
19760316 173 3 145 1
19760316 291 3 368 1
19760316 275 3 192 1
19760316 318 3 47 1
19760316 144 3 334 1
19760316 93 3 233 1
19760316 323 3 135 1
19760316 127 3 67 1
19760316 173 3 291 1
19760316 318 3 275 1
19760316 144 3 93 1
19760316 127 3 323 1
19760316 173 3 318 1
19760316 144 3 127 1
19760316 144 3 173 1
19760105 110 3 144 1
19760105 371 3 369 1
19760105 41 3 349 1
19760105 87 3 323 1
19760105 134 3 319 1
19760105 66 3 12 1
19760105 288 3 326 1
19760105 371 3 110 1
19760105 87 3 41 1
19760105 288 3 66 1
19760105 87 3 371 1
19760105 134 3 288 1
19760105 87 3 134 1
19760330 19 3 369 1
19760330 292 3 244 1
19760330 81 3 12 1
19760330 288 3 252 1
19760330 41 3 195 1
19760330 168 3 358 1
19760330 93 3 40 1
19760330 144 3 125 1
19760330 19 3 292 1
19760330 288 3 81 1
19760330 168 3 41 1
19760330 144 3 93 1
19760330 288 3 19 1
19760330 144 3 168 1
19760330 288 3 144 1
19760510 225 3 258 1
19760510 67 3 197 1
19760510 294 3 232 1
19760510 132 3 287 1
19760510 385 3 204 1
19760510 194 3 214 1
19760510 193 3 264 1
19760510 250 3 184 1
19760510 324 3 138 1
19760510 99 3 68 1
19760510 148 3 260 1
19760510 58 3 201 1
19760510 115 3 229 1
19760510 78 3 17 1
19760510 205 3 114 1
19760510 225 3 368 1
19760510 248 3 67 1
19760510 294 3 33 1
19760510 132 3 195 1
19760510 69 3 385 1
19760510 170 3 194 1
19760510 367 3 193 1
19760510 250 3 192 1
19760510 226 3 324 1
19760510 99 3 240 1
19760510 148 3 187 1
19760510 58 3 246 1
19760510 16 3 115 1
19760510 164 3 78 1
19760510 252 3 205 1
19760510 225 3 248 1
19760510 132 3 294 1
19760510 69 3 170 1
19760510 250 3 367 1
19760510 99 3 226 1
19760510 148 3 58 1
19760510 380 3 16 1
19760510 164 3 252 1
19760510 225 3 132 1
19760510 69 3 250 1
19760510 99 3 148 1
19760510 380 3 164 1
19760510 225 3 69 1
19760510 380 3 99 1
19760510 380 3 225 1
19760224 127 3 228 1
19760224 134 3 64 1
19760224 323 3 233 1
19760224 326 3 180 1
19760224 318 3 87 1
19760224 349 3 151 1
19760224 282 3 32 1
19760224 66 3 371 1
19760224 127 3 134 1
19760224 323 3 326 1
19760224 318 3 349 1
19760224 282 3 66 1
19760224 127 3 323 1
19760224 282 3 318 1
19760224 127 3 282 1
19760214 44 3 129 1
19760214 361 3 67 1
19760214 245 3 76 1
19760214 323 3 351 1
19760214 58 3 354 1
19760214 54 3 327 1
19760214 14 3 139 1
19760214 355 3 125 1
19760214 167 3 20 1
19760214 241 3 104 1
19760214 144 3 293 1
19760214 178 3 143 1
19760214 170 3 334 1
19760214 240 3 368 1
19760214 332 3 52 1
19760214 270 3 112 1
19760214 192 3 142 1
19760214 371 3 414 1
19760214 181 3 495 1
19760214 173 3 400 1
19760214 42 3 28 1
19760214 213 3 44 1
19760214 361 3 245 1
19760214 323 3 58 1
19760214 54 3 108 1
19760214 14 3 355 1
19760214 241 3 167 1
19760214 144 3 178 1
19760214 240 3 170 1
19760214 332 3 270 1
19760214 275 3 192 1
19760214 371 3 181 1
19760214 47 3 63 1
19760214 135 3 326 1
19760214 31 3 145 1
19760214 173 3 42 1
19760214 361 3 213 1
19760214 323 3 54 1
19760214 14 3 241 1
19760214 144 3 240 1
19760214 275 3 332 1
19760214 371 3 47 1
19760214 135 3 31 1
19760214 173 3 361 1
19760214 323 3 14 1
19760214 144 3 275 1
19760214 135 3 371 1
19760214 173 3 323 1
19760214 144 3 135 1
19760214 144 3 173 1
19761025 134 3 48 1
19761025 93 3 157 1
19761025 104 3 292 1
19761025 228 3 307 1
19761025 385 3 340 1
19761025 151 3 258 1
19761025 187 3 367 1
19761025 264 3 248 1
19761025 326 3 99 1
19761025 28 3 67 1
19761025 328 3 91 1
19761025 85 3 251 1
19761025 257 3 164 1
19761025 245 3 8 1
19761025 87 3 135 1
19761025 93 3 134 1
19761025 228 3 104 1
19761025 353 3 385 1
19761025 151 3 187 1
19761025 326 3 264 1
19761025 328 3 28 1
19761025 257 3 85 1
19761025 87 3 245 1
19761025 228 3 93 1
19761025 151 3 353 1
19761025 328 3 326 1
19761025 87 3 257 1
19761025 151 3 228 1
19761025 87 3 328 1
19761025 87 3 151 1
19760405 155 3 219 1
19760405 16 3 49 1
19760405 294 3 246 1
19760405 17 3 332 1
19760405 260 3 58 1
19760405 208 3 115 1
19760405 385 3 33 1
19760405 202 3 229 1
19760405 138 3 27 1
19760405 181 3 302 1
19760405 264 3 182 1
19760405 22 3 188 1
19760405 324 3 114 1
19760405 165 3 495 1
19760405 68 3 75 1
19760405 197 3 133 1
19760405 164 3 112 1
19760405 214 3 234 1
19760405 155 3 16 1
19760405 132 3 91 1
19760405 294 3 17 1
19760405 260 3 67 1
19760405 208 3 257 1
19760405 99 3 202 1
19760405 175 3 138 1
19760405 380 3 148 1
19760405 181 3 264 1
19760405 22 3 269 1
19760405 69 3 324 1
19760405 165 3 248 1
19760405 68 3 197 1
19760405 164 3 214 1
19760405 1 3 206 1
19760405 155 3 132 1
19760405 260 3 294 1
19760405 385 3 208 1
19760405 175 3 99 1
19760405 380 3 181 1
19760405 69 3 22 1
19760405 165 3 68 1
19760405 164 3 1 1
19760405 155 3 260 1
19760405 385 3 175 1
19760405 69 3 380 1
19760405 164 3 165 1
19760405 155 3 385 1
19760405 69 3 164 1
19760405 69 3 155 1
19760317 288 3 41 1
19760317 349 3 151 1
19760317 81 3 147 1
19760317 369 3 28 1
19760317 319 3 180 1
19760317 32 3 40 1
19760317 282 3 110 1
19760317 210 3 12 1
19760317 288 3 349 1
19760317 369 3 81 1
19760317 319 3 32 1
19760317 210 3 282 1
19760317 288 3 369 1
19760317 210 3 319 1
19760317 210 3 288 1
19760422 349 3 167 1
19760422 326 3 415 1
19760422 153 3 334 1
19760422 192 3 514 1
19760422 241 3 186 1
19760422 135 3 171 1
19760422 35 3 245 1
19760422 332 3 240 1
19760422 349 3 326 1
19760422 192 3 153 1
19760422 135 3 241 1
19760422 35 3 332 1
19760422 349 3 192 1
19760422 35 3 135 1
19760422 349 3 35 1
19761122 152 3 8 1
19761122 197 3 543 1
19761122 257 3 49 1
19761122 16 3 148 1
19761122 385 3 9 1
19761122 219 3 507 1
19761122 343 3 287 1
19761122 228 3 176 1
19761122 262 3 445 1
19761122 294 3 90 1
19761122 24 3 446 1
19761122 151 3 250 1
19761122 127 3 152 1
19761122 197 3 132 1
19761122 257 3 16 1
19761122 385 3 219 1
19761122 343 3 228 1
19761122 368 3 262 1
19761122 294 3 204 1
19761122 151 3 24 1
19761122 127 3 197 1
19761122 257 3 385 1
19761122 343 3 368 1
19761122 151 3 294 1
19761122 127 3 257 1
19761122 151 3 343 1
19761122 127 3 151 1
19760120 323 3 361 1
19760120 380 3 52 1
19760120 32 3 129 1
19760120 155 3 28 1
19760120 167 3 371 1
19760120 93 3 175 1
19760120 5 3 368 1
19760120 67 3 208 1
19760120 318 3 108 1
19760120 135 3 76 1
19760120 380 3 323 1
19760120 32 3 155 1
19760120 93 3 167 1
19760120 67 3 5 1
19760120 192 3 54 1
19760120 173 3 334 1
19760120 318 3 135 1
19760120 380 3 32 1
19760120 93 3 67 1
19760120 173 3 192 1
19760120 318 3 380 1
19760120 173 3 93 1
19760120 173 3 318 1
19760406 87 3 7 1
19760406 301 3 349 1
19760406 282 3 328 1
19760406 210 3 309 1
19760406 144 3 151 1
19760406 134 3 54 1
19760406 371 3 66 1
19760406 180 3 173 1
19760406 87 3 301 1
19760406 210 3 282 1
19760406 134 3 144 1
19760406 371 3 180 1
19760406 210 3 87 1
19760406 134 3 371 1
19760406 134 3 210 1
19760204 19 3 104 1
19760204 175 3 155 1
19760204 32 3 369 1
19760204 288 3 12 1
19760204 41 3 318 1
19760204 319 3 106 1
19760204 110 3 309 1
19760204 353 3 233 1
19760204 19 3 175 1
19760204 288 3 32 1
19760204 41 3 319 1
19760204 353 3 110 1
19760204 19 3 288 1
19760204 41 3 353 1
19760204 19 3 41 1
19760322 19 3 181 1
19760322 326 3 67 1
19760322 134 3 349 1
19760322 66 3 291 1
19760322 319 3 210 1
19760322 64 3 36 1
19760322 190 3 244 1
19760322 213 3 76 1
19760322 144 3 28 1
19760322 135 3 32 1
19760322 81 3 358 1
19760322 14 3 292 1
19760322 318 3 110 1
19760322 252 3 205 1
19760322 151 3 233 1
19760322 40 3 147 1
19760322 309 3 125 1
19760322 93 3 368 1
19760322 171 3 186 1
19760322 241 3 195 1
19760322 328 3 240 1
19760322 54 3 41 1
19760322 145 3 12 1
19760322 34 3 112 1
19760322 180 3 7 1
19760322 334 3 182 1
19760322 332 3 369 1
19760322 288 3 35 1
19760322 301 3 167 1
19760322 377 3 168 1
19760322 282 3 170 1
19760322 173 3 323 1
19760322 19 3 326 1
19760322 66 3 134 1
19760322 64 3 319 1
19760322 190 3 213 1
19760322 144 3 135 1
19760322 81 3 14 1
19760322 318 3 252 1
19760322 40 3 151 1
19760322 309 3 93 1
19760322 241 3 171 1
19760322 328 3 54 1
19760322 34 3 145 1
19760322 180 3 334 1
19760322 288 3 332 1
19760322 301 3 377 1
19760322 173 3 282 1
19760322 19 3 66 1
19760322 190 3 64 1
19760322 144 3 81 1
19760322 318 3 40 1
19760322 309 3 241 1
19760322 34 3 328 1
19760322 180 3 288 1
19760322 173 3 301 1
19760322 19 3 190 1
19760322 318 3 144 1
19760322 34 3 309 1
19760322 173 3 180 1
19760322 318 3 19 1
19760322 173 3 34 1
19760322 173 3 318 1
19760118 25 3 250 1
19760118 159 3 446 1
19760118 85 3 214 1
19760118 218 3 184 1
19760118 236 3 339 1
19760118 276 3 33 1
19760118 159 3 25 1
19760118 218 3 85 1
19760118 164 3 236 1
19760118 276 3 158 1
19760118 218 3 159 1
19760118 164 3 276 1
19760118 218 3 164 1
19761115 173 3 241 1
19761115 233 3 184 1
19761115 135 3 134 1
19761115 328 3 115 1
19761115 288 3 187 1
19761115 23 3 201 1
19761115 41 3 104 1
19761115 228 3 45 1
19761115 254 3 252 1
19761115 318 3 208 1
19761115 67 3 326 1
19761115 353 3 225 1
19761115 22 3 48 1
19761115 380 3 87 1
19761115 292 3 136 1
19761115 144 3 175 1
19761115 173 3 233 1
19761115 328 3 135 1
19761115 288 3 23 1
19761115 41 3 228 1
19761115 318 3 254 1
19761115 353 3 67 1
19761115 380 3 22 1
19761115 144 3 292 1
19761115 173 3 328 1
19761115 41 3 288 1
19761115 318 3 353 1
19761115 380 3 144 1
19761115 173 3 41 1
19761115 318 3 380 1
19761115 173 3 318 1
19760621 19 3 95 1
19760621 7 3 193 1
19760621 229 3 292 1
19760621 230 3 453 1
19760621 371 3 244 1
19760621 228 3 16 1
19760621 32 3 326 1
19760621 332 3 68 1
19760621 288 3 57 1
19760621 238 3 250 1
19760621 208 3 240 1
19760621 291 3 171 1
19760621 190 3 153 1
19760621 184 3 137 1
19760621 28 3 91 1
19760621 324 3 312 1
19760621 144 3 246 1
19760621 385 3 219 1
19760621 110 3 40 1
19760621 213 3 294 1
19760621 151 3 315 1
19760621 319 3 268 1
19760621 58 3 175 1
19760621 252 3 180 1
19760621 1 3 195 1
19760621 70 3 37 1
19760621 369 3 99 1
19760621 54 3 205 1
19760621 353 3 323 1
19760621 367 3 204 1
19760621 14 3 93 1
19760621 282 3 187 1
19760621 380 3 192 1
19760621 364 3 132 1
19760621 125 3 148 1
19760621 358 3 334 1
19760621 5 3 108 1
19760621 81 3 29 1
19760621 135 3 114 1
19760621 127 3 23 1
19760621 349 3 241 1
19760621 301 3 168 1
19760621 181 3 321 1
19760621 41 3 345 1
19760621 170 3 207 1
19760621 67 3 267 1
19760621 233 3 106 1
19760621 34 3 73 1
19760621 248 3 48 1
19760621 368 3 258 1
19760621 297 3 264 1
19760621 42 3 185 1
19760621 49 3 194 1
19760621 128 3 45 1
19760621 211 3 365 1
19760621 318 3 232 1
19760621 338 3 22 1
19760621 64 3 307 1
19760621 115 3 131 1
19760621 328 3 262 1
19760621 35 3 78 1
19760621 147 3 164 1
19760621 330 3 188 1
19760621 173 3 17 1
19760621 19 3 7 1
19760621 229 3 230 1
19760621 371 3 228 1
19760621 332 3 32 1
19760621 288 3 238 1
19760621 208 3 291 1
19760621 190 3 184 1
19760621 28 3 324 1
19760621 144 3 385 1
19760621 213 3 110 1
19760621 151 3 319 1
19760621 252 3 58 1
19760621 1 3 70 1
19760621 54 3 369 1
19760621 353 3 367 1
19760621 282 3 14 1
19760621 364 3 380 1
19760621 358 3 125 1
19760621 5 3 81 1
19760621 127 3 135 1
19760621 301 3 349 1
19760621 41 3 181 1
19760621 67 3 170 1
19760621 34 3 233 1
19760621 248 3 368 1
19760621 297 3 42 1
19760621 49 3 128 1
19760621 318 3 211 1
19760621 338 3 64 1
19760621 328 3 115 1
19760621 147 3 35 1
19760621 173 3 330 1
19760621 19 3 229 1
19760621 371 3 332 1
19760621 288 3 208 1
19760621 28 3 190 1
19760621 144 3 213 1
19760621 252 3 151 1
19760621 54 3 1 1
19760621 282 3 353 1
19760621 358 3 364 1
19760621 127 3 5 1
19760621 41 3 301 1
19760621 34 3 67 1
19760621 248 3 297 1
19760621 318 3 49 1
19760621 328 3 338 1
19760621 173 3 147 1
19760621 371 3 19 1
19760621 288 3 28 1
19760621 144 3 252 1
19760621 54 3 282 1
19760621 127 3 358 1
19760621 34 3 41 1
19760621 318 3 248 1
19760621 173 3 328 1
19760621 288 3 371 1
19760621 144 3 54 1
19760621 34 3 127 1
19760621 318 3 173 1
19760621 144 3 288 1
19760621 34 3 318 1
19760621 34 3 144 1
19760202 64 3 225 1
19760202 93 3 147 1
19760202 78 3 81 1
19760202 40 3 134 1
19760202 228 3 328 1
19760202 208 3 226 1
19760202 380 3 168 1
19760202 87 3 301 1
19760202 64 3 93 1
19760202 78 3 40 1
19760202 228 3 208 1
19760202 87 3 380 1
19760202 64 3 78 1
19760202 87 3 228 1
19760202 87 3 64 1
19760418 87 3 7 1
19760418 66 3 32 1
19760418 358 3 323 1
19760418 319 3 190 1
19760418 81 3 168 1
19760418 371 3 93 1
19760418 110 3 54 1
19760418 210 3 134 1
19760418 87 3 66 1
19760418 358 3 319 1
19760418 371 3 81 1
19760418 210 3 110 1
19760418 358 3 87 1
19760418 371 3 210 1
19760418 358 3 371 1
19760718 281 3 171 1
19760718 193 3 244 1
19760718 148 3 446 1
19760718 165 3 270 1
19760718 155 3 530 1
19760718 117 3 138 1
19760718 372 3 8 1
19760718 54 3 184 1
19760718 250 3 100 1
19760718 195 3 16 1
19760718 75 3 201 1
19760718 274 3 236 1
19760718 9 3 175 1
19760718 168 3 131 1
19760718 279 3 133 1
19760718 114 3 108 1
19760718 19 3 281 1
19760718 128 3 193 1
19760718 148 3 335 1
19760718 165 3 35 1
19760718 155 3 269 1
19760718 117 3 58 1
19760718 372 3 132 1
19760718 250 3 207 1
19760718 99 3 195 1
19760718 102 3 75 1
19760718 287 3 274 1
19760718 65 3 9 1
19760718 168 3 161 1
19760718 329 3 279 1
19760718 225 3 114 1
19760718 128 3 19 1
19760718 165 3 148 1
19760718 155 3 117 1
19760718 54 3 372 1
19760718 99 3 250 1
19760718 287 3 102 1
19760718 168 3 65 1
19760718 225 3 329 1
19760718 128 3 165 1
19760718 155 3 54 1
19760718 99 3 287 1
19760718 225 3 168 1
19760718 155 3 128 1
19760718 225 3 99 1
19760718 225 3 155 1
19760704 288 3 541 1
19760704 307 3 499 1
19760704 257 3 148 1
19760704 155 3 258 1
19760704 37 3 58 1
19760704 168 3 153 1
19760704 95 3 114 1
19760704 44 3 9 1
19760704 208 3 22 1
19760704 175 3 364 1
19760704 252 3 193 1
19760704 276 3 54 1
19760704 294 3 237 1
19760704 49 3 417 1
19760704 207 3 320 1
19760704 288 3 24 1
19760704 257 3 248 1
19760704 128 3 261 1
19760704 155 3 177 1
19760704 37 3 250 1
19760704 168 3 68 1
19760704 95 3 165 1
19760704 44 3 232 1
19760704 208 3 262 1
19760704 175 3 152 1
19760704 252 3 327 1
19760704 211 3 276 1
19760704 294 3 136 1
19760704 49 3 182 1
19760704 1 3 207 1
19760704 257 3 128 1
19760704 155 3 37 1
19760704 168 3 95 1
19760704 208 3 44 1
19760704 252 3 175 1
19760704 294 3 211 1
19760704 1 3 49 1
19760704 288 3 257 1
19760704 155 3 168 1
19760704 252 3 208 1
19760704 1 3 294 1
19760704 288 3 155 1
19760704 1 3 252 1
19760704 288 3 1 1
19760916 369 3 89 1
19760916 186 3 315 1
19760916 112 3 12 1
19760916 267 3 333 1
19760916 67 3 465 1
19760916 42 3 340 1
19760916 12 3 57 1
19760916 241 3 339 1
19760916 369 3 186 1
19760916 267 3 112 1
19760916 42 3 67 1
19760916 241 3 12 1
19760916 369 3 267 1
19760916 42 3 241 1
19760916 369 3 42 1
19761122 78 3 89 1
19761122 35 3 321 1
19761122 182 3 315 1
19761122 112 3 291 1
19761122 324 3 171 1
19761122 20 3 268 1
19761122 10 3 57 1
19761122 350 3 162 1
19761122 192 3 517 1
19761122 213 3 397 1
19761122 20 3 268 1
19761122 65 3 153 1
19761122 162 3 350 1
19761122 84 3 92 1
19761122 35 3 78 1
19761122 135 3 182 1
19761122 324 3 112 1
19761122 10 3 20 1
19761122 240 3 350 1
19761122 213 3 192 1
19761122 20 3 65 1
19761122 84 3 162 1
19761122 135 3 35 1
19761122 324 3 10 1
19761122 213 3 240 1
19761122 84 3 20 1
19761122 324 3 135 1
19761122 213 3 84 1
19761122 213 3 324 1
19761011 127 3 186 1
19761011 115 3 152 1
19761011 8 3 23 1
19761011 225 3 132 1
19761011 248 3 202 1
19761011 314 3 259 1
19761011 288 3 326 1
19761011 163 3 171 1
19761011 368 3 195 1
19761011 364 3 137 1
19761011 155 3 85 1
19761011 232 3 237 1
19761011 371 3 475 1
19761011 102 3 106 1
19761011 372 3 375 1
19761011 151 3 367 1
19761011 197 3 333 1
19761011 69 3 307 1
19761011 257 3 184 1
19761011 180 3 67 1
19761011 208 3 219 1
19761011 87 3 312 1
19761011 45 3 175 1
19761011 385 3 16 1
19761011 380 3 294 1
19761011 287 3 201 1
19761011 340 3 17 1
19761011 200 3 33 1
19761011 127 3 115 1
19761011 22 3 8 1
19761011 225 3 248 1
19761011 353 3 314 1
19761011 288 3 163 1
19761011 368 3 364 1
19761011 155 3 232 1
19761011 371 3 102 1
19761011 151 3 372 1
19761011 197 3 69 1
19761011 180 3 257 1
19761011 87 3 208 1
19761011 380 3 385 1
19761011 287 3 340 1
19761011 37 3 200 1
19761011 22 3 127 1
19761011 225 3 353 1
19761011 288 3 368 1
19761011 155 3 371 1
19761011 151 3 197 1
19761011 87 3 180 1
19761011 380 3 45 1
19761011 37 3 287 1
19761011 225 3 22 1
19761011 288 3 155 1
19761011 87 3 151 1
19761011 380 3 37 1
19761011 225 3 288 1
19761011 87 3 380 1
19761011 225 3 87 1
19761004 127 3 212 1
19761004 8 3 171 1
19761004 16 3 180 1
19761004 38 3 89 1
19761004 128 3 147 1
19761004 186 3 224 1
19761004 132 3 145 1
19761004 219 3 340 1
19761004 367 3 531 1
19761004 299 3 232 1
19761004 267 3 229 1
19761004 100 3 397 1
19761004 17 3 333 1
19761004 184 3 9 1
19761004 201 3 525 1
19761004 243 3 69 1
19761004 87 3 65 1
19761004 77 3 315 1
19761004 294 3 182 1
19761004 307 3 455 1
19761004 245 3 74 1
19761004 197 3 297 1
19761004 177 3 115 1
19761004 288 3 287 1
19761004 127 3 246 1
19761004 8 3 209 1
19761004 16 3 38 1
19761004 128 3 202 1
19761004 225 3 186 1
19761004 132 3 250 1
19761004 257 3 367 1
19761004 267 3 299 1
19761004 17 3 100 1
19761004 201 3 184 1
19761004 87 3 243 1
19761004 77 3 294 1
19761004 380 3 307 1
19761004 197 3 245 1
19761004 288 3 177 1
19761004 127 3 8 1
19761004 128 3 16 1
19761004 225 3 132 1
19761004 257 3 219 1
19761004 17 3 267 1
19761004 87 3 201 1
19761004 380 3 77 1
19761004 288 3 197 1
19761004 127 3 128 1
19761004 225 3 257 1
19761004 87 3 17 1
19761004 288 3 380 1
19761004 225 3 127 1
19761004 288 3 87 1
19761004 225 3 288 1
19760710 144 3 225 1
19760809 147 3 205 1
19760809 48 3 104 1
19760809 262 3 243 1
19760809 275 3 137 1
19760809 186 3 321 1
19760809 165 3 12 1
19760809 42 3 227 1
19760809 74 3 10 1
19760809 67 3 138 1
19760809 9 3 240 1
19760809 345 3 340 1
19760809 340 3 345 1
19760809 129 3 100 1
19760809 349 3 193 1
19760809 170 3 267 1
19760809 75 3 98 1
19760809 318 3 147 1
19760809 48 3 167 1
19760809 262 3 326 1
19760809 275 3 299 1
19760809 81 3 186 1
19760809 209 3 165 1
19760809 42 3 204 1
19760809 74 3 211 1
19760809 67 3 324 1
19760809 219 3 9 1
19760809 328 3 340 1
19760809 12 3 129 1
19760809 349 3 40 1
19760809 170 3 192 1
19760809 369 3 75 1
19760809 318 3 48 1
19760809 262 3 275 1
19760809 81 3 209 1
19760809 42 3 74 1
19760809 67 3 219 1
19760809 328 3 345 1
19760809 12 3 349 1
19760809 369 3 170 1
19760809 318 3 262 1
19760809 42 3 81 1
19760809 328 3 67 1
19760809 369 3 12 1
19760809 318 3 42 1
19760809 328 3 369 1
19760809 318 3 328 1
19760309 127 3 151 1
19760309 41 3 134 1
19760309 87 3 147 1
19760309 210 3 89 1
19760309 288 3 78 1
19760309 349 3 40 1
19760309 227 3 181 1
19760309 334 3 226 1
19760309 127 3 41 1
19760309 87 3 210 1
19760309 288 3 349 1
19760309 227 3 334 1
19760309 87 3 127 1
19760309 288 3 227 1
19760309 288 3 87 1
19761101 225 3 233 1
19761101 48 3 135 1
19761101 184 3 66 1
19761101 28 3 187 1
19761101 87 3 255 1
19761101 228 3 232 1
19761101 292 3 328 1
19761101 17 3 157 1
19761101 115 3 23 1
19761101 151 3 201 1
19761101 340 3 333 1
19761101 19 3 45 1
19761101 257 3 367 1
19761101 380 3 307 1
19761101 197 3 214 1
19761101 288 3 73 1
19761101 225 3 48 1
19761101 28 3 184 1
19761101 228 3 87 1
19761101 17 3 292 1
19761101 151 3 115 1
19761101 19 3 340 1
19761101 380 3 257 1
19761101 288 3 197 1
19761101 225 3 28 1
19761101 228 3 17 1
19761101 151 3 19 1
19761101 288 3 380 1
19761101 225 3 228 1
19761101 288 3 151 1
19761101 288 3 225 1
19760913 188 3 502 1
19760913 187 3 38 1
19760913 78 3 258 1
19760913 275 3 443 1
19760913 66 3 125 1
19760913 77 3 95 1
19760913 291 3 259 1
19760913 9 3 195 1
19760913 74 3 192 1
19760913 332 3 28 1
19760913 193 3 140 1
19760913 229 3 240 1
19760913 68 3 342 1
19760913 23 3 10 1
19760913 22 3 214 1
19760913 187 3 188 1
19760913 78 3 275 1
19760913 66 3 77 1
19760913 9 3 291 1
19760913 332 3 74 1
19760913 193 3 229 1
19760913 108 3 68 1
19760913 22 3 23 1
19760913 78 3 187 1
19760913 66 3 9 1
19760913 193 3 332 1
19760913 108 3 22 1
19760913 66 3 78 1
19760913 108 3 193 1
19760913 66 3 108 1
19760129 345 3 178 1
19760129 108 3 270 1
19760129 5 3 334 1
19760129 58 3 355 1
19760129 170 3 345 1
19760129 52 3 275 1
19760129 135 3 361 1
19760129 368 3 63 1
19760129 108 3 192 1
19760129 67 3 167 1
19760129 5 3 58 1
19760129 52 3 170 1
19760129 135 3 368 1
19760129 67 3 108 1
19760129 5 3 52 1
19760129 135 3 67 1
19760129 135 3 5 1
19760704 69 3 315 1
19760704 254 3 138 1
19760704 18 3 287 1
19760704 104 3 368 1
19760704 8 3 112 1
19760704 40 3 267 1
19760704 85 3 229 1
19760704 214 3 157 1
19760704 48 3 503 1
19760704 10 3 147 1
19760704 78 3 35 1
19760704 33 3 244 1
19760704 326 3 12 1
19760704 23 3 450 1
19760704 32 3 16 1
19760704 219 3 79 1
19760704 385 3 171 1
19760704 367 3 226 1
19760704 213 3 297 1
19760704 195 3 57 1
19760704 292 3 15 1
19760704 201 3 108 1
19760704 125 3 486 1
19760704 380 3 339 1
19760704 69 3 65 1
19760704 254 3 18 1
19760704 104 3 8 1
19760704 40 3 132 1
19760704 214 3 85 1
19760704 48 3 10 1
19760704 78 3 33 1
19760704 275 3 326 1
19760704 32 3 23 1
19760704 385 3 219 1
19760704 367 3 213 1
19760704 292 3 195 1
19760704 204 3 202 1
19760704 17 3 125 1
19760704 314 3 380 1
19760704 69 3 254 1
19760704 104 3 40 1
19760704 48 3 214 1
19760704 275 3 78 1
19760704 32 3 385 1
19760704 292 3 367 1
19760704 17 3 314 1
19760704 69 3 104 1
19760704 48 3 275 1
19760704 32 3 292 1
19760704 69 3 48 1
19760704 17 3 32 1
19760704 17 3 69 1
19761202 173 3 371 1
19761202 144 3 225 1
19761202 144 3 173 1
19760208 151 3 240 1
19760208 292 3 219 1
19760208 282 3 171 1
19760208 14 3 28 1
19760208 291 3 213 1
19760208 54 3 326 1
19760208 252 3 332 1
19760208 151 3 292 1
19760208 282 3 36 1
19760208 14 3 291 1
19760208 252 3 54 1
19760208 151 3 282 1
19760208 14 3 252 1
19760208 151 3 14 1
19760202 173 3 31 1
19760202 275 3 44 1
19760202 192 3 20 1
19760202 244 3 58 1
19760202 47 3 5 1
19760202 367 3 63 1
19760202 76 3 143 1
19760202 67 3 259 1
19760202 66 3 142 1
19760202 167 3 270 1
19760202 368 3 361 1
19760202 241 3 340 1
19760202 42 3 125 1
19760202 135 3 108 1
19760202 52 3 216 1
19760202 170 3 371 1
19760202 173 3 275 1
19760202 192 3 244 1
19760202 47 3 367 1
19760202 67 3 76 1
19760202 66 3 167 1
19760202 368 3 241 1
19760202 135 3 42 1
19760202 52 3 170 1
19760202 192 3 173 1
19760202 47 3 67 1
19760202 66 3 368 1
19760202 135 3 52 1
19760202 47 3 192 1
19760202 66 3 135 1
19760202 47 3 66 1
19760309 64 3 358 1
19760309 369 3 14 1
19760309 301 3 36 1
19760309 190 3 7 1
19760309 328 3 54 1
19760309 318 3 213 1
19760309 233 3 228 1
19760309 34 3 12 1
19760309 369 3 64 1
19760309 301 3 190 1
19760309 328 3 318 1
19760309 34 3 233 1
19760309 369 3 301 1
19760309 328 3 34 1
19760309 369 3 328 1
19760126 28 3 36 1
19760126 155 3 292 1
19760126 252 3 213 1
19760126 144 3 40 1
19760126 32 3 282 1
19760126 87 3 323 1
19760126 78 3 106 1
19760126 353 3 66 1
19760126 175 3 385 1
19760126 7 3 291 1
19760126 233 3 168 1
19760126 301 3 208 1
19760126 358 3 326 1
19760126 64 3 93 1
19760126 81 3 318 1
19760126 349 3 12 1
19760126 134 3 380 1
19760126 54 3 5 1
19760126 19 3 105 1
19760126 41 3 110 1
19760126 14 3 288 1
19760126 319 3 37 1
19760126 34 3 147 1
19760126 228 3 371 1
19760126 180 3 28 1
19760126 155 3 252 1
19760126 144 3 32 1
19760126 87 3 78 1
19760126 353 3 175 1
19760126 7 3 233 1
19760126 301 3 358 1
19760126 81 3 64 1
19760126 349 3 134 1
19760126 19 3 54 1
19760126 41 3 14 1
19760126 309 3 319 1
19760126 328 3 369 1
19760126 173 3 76 1
19760126 34 3 228 1
19760126 155 3 180 1
19760126 87 3 144 1
19760126 353 3 7 1
19760126 81 3 301 1
19760126 349 3 19 1
19760126 309 3 41 1
19760126 173 3 328 1
19760126 34 3 155 1
19760126 353 3 87 1
19760126 81 3 349 1
19760126 173 3 309 1
19760126 34 3 353 1
19760126 173 3 81 1
19760126 173 3 34 1
19760223 353 3 106 1
19760223 380 3 208 1
19760223 301 3 78 1
19760223 155 3 382 1
19760223 309 3 315 1
19760223 175 3 220 1
19760223 328 3 168 1
19760223 19 3 5 1
19760223 353 3 380 1
19760223 301 3 155 1
19760223 309 3 175 1
19760223 19 3 328 1
19760223 301 3 353 1
19760223 19 3 309 1
19760223 19 3 301 1
19760404 225 3 281 1
19760404 33 3 299 1
19760404 181 3 68 1
19760404 201 3 132 1
19760404 115 3 27 1
19760404 380 3 324 1
19760404 163 3 422 1
19760404 206 3 69 1
19760404 16 3 314 1
19760404 22 3 49 1
19760404 48 3 214 1
19760404 264 3 15 1
19760404 118 3 246 1
19760404 148 3 219 1
19760404 91 3 182 1
19760404 17 3 250 1
19760404 257 3 67 1
19760404 232 3 146 1
19760404 248 3 193 1
19760404 23 3 460 1
19760404 75 3 315 1
19760404 294 3 58 1
19760404 262 3 475 1
19760404 229 3 202 1
19760404 114 3 85 1
19760404 197 3 164 1
19760404 152 3 133 1
19760404 385 3 24 1
19760404 287 3 332 1
19760404 1 3 2 1
19760404 225 3 33 1
19760404 201 3 115 1
19760404 380 3 163 1
19760404 206 3 16 1
19760404 22 3 48 1
19760404 264 3 118 1
19760404 148 3 91 1
19760404 257 3 17 1
19760404 248 3 232 1
19760404 23 3 339 1
19760404 294 3 75 1
19760404 262 3 229 1
19760404 197 3 114 1
19760404 385 3 152 1
19760404 1 3 287 1
19760404 181 3 225 1
19760404 201 3 380 1
19760404 206 3 22 1
19760404 148 3 264 1
19760404 257 3 248 1
19760404 294 3 23 1
19760404 197 3 262 1
19760404 1 3 385 1
19760404 201 3 181 1
19760404 206 3 148 1
19760404 257 3 294 1
19760404 1 3 197 1
19760404 206 3 201 1
19760404 257 3 1 1
19760404 257 3 206 1
19760425 45 3 392 1
19760425 195 3 202 1
19760425 312 3 527 1
19760425 368 3 23 1
19760425 199 3 164 1
19760425 206 3 499 1
19760425 115 3 339 1
19760425 137 3 324 1
19760425 311 3 246 1
19760425 197 3 193 1
19760425 91 3 112 1
19760425 75 3 475 1
19760425 45 3 195 1
19760425 312 3 397 1
19760425 294 3 114 1
19760425 187 3 64 1
19760425 368 3 199 1
19760425 115 3 206 1
19760425 148 3 137 1
19760425 15 3 90 1
19760425 197 3 311 1
19760425 45 3 49 1
19760425 67 3 312 1
19760425 294 3 187 1
19760425 368 3 115 1
19760425 197 3 15 1
19760425 45 3 67 1
19760425 368 3 294 1
19760425 91 3 75 1
19760425 368 3 45 1
19760425 368 3 91 1
19760504 225 3 65 1
19760504 364 3 114 1
19760504 131 3 375 1
19760504 99 3 248 1
19760504 294 3 385 1
19760504 240 3 207 1
19760504 33 3 68 1
19760504 132 3 69 1
19760504 208 3 187 1
19760504 226 3 148 1
19760504 312 3 215 1
19760504 175 3 197 1
19760504 201 3 213 1
19760504 128 3 267 1
19760504 78 3 372 1
19760504 155 3 100 1
19760504 225 3 364 1
19760504 99 3 131 1
19760504 240 3 294 1
19760504 132 3 33 1
19760504 208 3 226 1
19760504 175 3 312 1
19760504 201 3 128 1
19760504 155 3 78 1
19760504 225 3 99 1
19760504 132 3 240 1
19760504 208 3 175 1
19760504 155 3 201 1
19760504 225 3 132 1
19760504 208 3 155 1
19760504 225 3 208 1
19760328 22 3 164 1
19760328 262 3 17 1
19760328 214 3 75 1
19760328 314 3 197 1
19760328 133 3 132 1
19760328 68 3 24 1
19760328 16 3 49 1
19760328 294 3 71 1
19760328 146 3 315 1
19760328 33 3 232 1
19760328 148 3 118 1
19760328 48 3 339 1
19760328 281 3 246 1
19760328 225 3 324 1
19760328 69 3 22 1
19760328 312 3 165 1
19760328 214 3 199 1
19760328 99 3 257 1
19760328 91 3 219 1
19760328 184 3 314 1
19760328 15 3 475 1
19760328 133 3 202 1
19760328 201 3 68 1
19760328 229 3 250 1
19760328 16 3 294 1
19760328 148 3 33 1
19760328 281 3 48 1
19760328 225 3 115 1
19760328 69 3 262 1
19760328 214 3 312 1
19760328 99 3 91 1
19760328 15 3 184 1
19760328 201 3 133 1
19760328 16 3 229 1
19760328 225 3 281 1
19760328 214 3 69 1
19760328 99 3 15 1
19760328 16 3 201 1
19760328 214 3 99 1
19760328 225 3 16 1
19760328 225 3 214 1
19760308 208 3 102 1
19760308 106 3 91 1
19760308 22 3 229 1
19760308 175 3 100 1
19760308 132 3 148 1
19760308 138 3 315 1
19760308 324 3 68 1
19760308 23 3 351 1
19760308 208 3 9 1
19760308 106 3 508 1
19760308 22 3 241 1
19760308 175 3 267 1
19760308 132 3 219 1
19760308 138 3 75 1
19760308 343 3 324 1
19760308 312 3 23 1
19760308 106 3 208 1
19760308 22 3 175 1
19760308 138 3 132 1
19760308 343 3 312 1
19760308 106 3 22 1
19760308 343 3 138 1
19760308 106 3 343 1
19760310 173 3 361 1
19760310 31 3 145 1
19760310 192 3 66 1
19760310 67 3 252 1
19760310 368 3 371 1
19760310 32 3 47 1
19760310 292 3 135 1
19760310 144 3 58 1
19760310 173 3 31 1
19760310 67 3 192 1
19760310 32 3 368 1
19760310 144 3 292 1
19760310 173 3 67 1
19760310 144 3 32 1
19760310 173 3 144 1
19760418 45 3 112 1
19760418 257 3 339 1
19760418 324 3 475 1
19760418 229 3 187 1
19760418 49 3 115 1
19760418 202 3 90 1
19760418 312 3 181 1
19760418 33 3 128 1
19760418 322 3 9 1
19760418 332 3 164 1
19760418 373 3 23 1
19760418 138 3 193 1
19760418 246 3 232 1
19760418 333 3 200 1
19760418 45 3 287 1
19760418 257 3 324 1
19760418 229 3 219 1
19760418 214 3 49 1
19760418 197 3 16 1
19760418 67 3 202 1
19760418 312 3 33 1
19760418 385 3 322 1
19760418 206 3 165 1
19760418 148 3 332 1
19760418 137 3 18 1
19760418 15 3 373 1
19760418 246 3 138 1
19760418 375 3 333 1
19760418 294 3 364 1
19760418 45 3 257 1
19760418 229 3 214 1
19760418 197 3 67 1
19760418 385 3 312 1
19760418 206 3 148 1
19760418 15 3 137 1
19760418 294 3 375 1
19760418 45 3 229 1
19760418 385 3 197 1
19760418 206 3 15 1
19760418 45 3 385 1
19760418 206 3 294 1
19760418 45 3 206 1
19760217 127 3 12 1
19760217 41 3 282 1
19760217 288 3 155 1
19760217 180 3 86 1
19760217 210 3 66 1
19760217 32 3 252 1
19760217 369 3 175 1
19760217 225 3 292 1
19760217 127 3 41 1
19760217 288 3 180 1
19760217 32 3 210 1
19760217 369 3 225 1
19760217 127 3 288 1
19760217 369 3 32 1
19760217 127 3 369 1
19760224 148 3 525 1
19760224 241 3 188 1
19760224 250 3 184 1
19760224 238 3 18 1
19760224 107 3 224 1
19760224 241 3 148 1
19760224 102 3 250 1
19760224 229 3 238 1
19760224 343 3 107 1
19760224 241 3 102 1
19760224 343 3 229 1
19760224 241 3 343 1
19760504 134 3 19 1
19760504 34 3 87 1
19760504 81 3 288 1
19760504 127 3 301 1
19760504 34 3 134 1
19760504 127 3 81 1
19760504 34 3 127 1
19760524 127 3 367 1
19760524 32 3 305 1
19760524 371 3 232 1
19760524 125 3 137 1
19760524 318 3 248 1
19760524 104 3 260 1
19760524 69 3 49 1
19760524 110 3 199 1
19760524 87 3 24 1
19760524 368 3 171 1
19760524 326 3 424 1
19760524 195 3 423 1
19760524 252 3 54 1
19760524 68 3 262 1
19760524 204 3 257 1
19760524 229 3 131 1
19760524 361 3 370 1
19760524 41 3 250 1
19760524 136 3 285 1
19760524 134 3 8 1
19760524 385 3 234 1
19760524 294 3 138 1
19760524 17 3 29 1
19760524 1 3 213 1
19760524 206 3 114 1
19760524 287 3 283 1
19760524 219 3 170 1
19760524 155 3 332 1
19760524 57 3 10 1
19760524 190 3 205 1
19760524 333 3 339 1
19760524 355 3 288 1
19760524 127 3 32 1
19760524 371 3 125 1
19760524 104 3 318 1
19760524 69 3 110 1
19760524 87 3 368 1
19760524 326 3 195 1
19760524 252 3 68 1
19760524 229 3 204 1
19760524 41 3 361 1
19760524 134 3 136 1
19760524 385 3 294 1
19760524 1 3 17 1
19760524 206 3 287 1
19760524 155 3 219 1
19760524 190 3 57 1
19760524 355 3 333 1
19760524 127 3 371 1
19760524 69 3 104 1
19760524 87 3 326 1
19760524 229 3 252 1
19760524 134 3 41 1
19760524 1 3 385 1
19760524 155 3 206 1
19760524 190 3 355 1
19760524 127 3 69 1
19760524 87 3 229 1
19760524 1 3 134 1
19760524 190 3 155 1
19760524 127 3 87 1
19760524 1 3 190 1
19760524 1 3 127 1
19760510 81 3 233 1
19760510 66 3 181 1
19760510 190 3 93 1
19760510 318 3 326 1
19760510 349 3 35 1
19760510 54 3 101 1
19760510 292 3 76 1
19760510 1 3 135 1
19760510 301 3 110 1
19760510 168 3 319 1
19760510 210 3 37 1
19760510 134 3 171 1
19760510 41 3 80 1
19760510 328 3 320 1
19760510 19 3 12 1
19760510 173 3 81 1
19760510 66 3 190 1
19760510 318 3 349 1
19760510 292 3 54 1
19760510 1 3 301 1
19760510 210 3 168 1
19760510 41 3 134 1
19760510 19 3 328 1
19760510 173 3 66 1
19760510 292 3 318 1
19760510 210 3 1 1
19760510 41 3 19 1
19760510 173 3 292 1
19760510 210 3 41 1
19760510 173 3 210 1
19760726 67 3 42 1
19760726 81 3 324 1
19760726 195 3 245 1
19760726 288 3 258 1
19760726 167 3 213 1
19760726 89 3 41 1
19760726 147 3 37 1
19760726 134 3 31 1
19760726 368 3 129 1
19760726 349 3 262 1
19760726 332 3 343 1
19760726 318 3 250 1
19760726 350 3 384 1
19760726 40 3 380 1
19760726 93 3 333 1
19760726 294 3 227 1
19760726 328 3 125 1
19760726 46 3 148 1
19760726 8 3 151 1
19760726 292 3 92 1
19760726 66 3 206 1
19760726 78 3 275 1
19760726 19 3 385 1
19760726 177 3 170 1
19760726 240 3 369 1
19760726 32 3 267 1
19760726 87 3 326 1
19760726 192 3 137 1
19760726 312 3 229 1
19760726 110 3 212 1
19760726 173 3 104 1
19760726 367 3 67 1
19760726 81 3 195 1
19760726 288 3 167 1
19760726 147 3 89 1
19760726 368 3 134 1
19760726 332 3 349 1
19760726 350 3 318 1
19760726 40 3 93 1
19760726 328 3 294 1
19760726 46 3 8 1
19760726 292 3 66 1
19760726 78 3 19 1
19760726 240 3 177 1
19760726 87 3 32 1
19760726 312 3 192 1
19760726 173 3 110 1
19760726 81 3 367 1
19760726 288 3 147 1
19760726 368 3 332 1
19760726 40 3 350 1
19760726 328 3 46 1
19760726 292 3 78 1
19760726 87 3 240 1
19760726 173 3 312 1
19760726 288 3 81 1
19760726 40 3 368 1
19760726 292 3 328 1
19760726 173 3 87 1
19760726 288 3 40 1
19760726 173 3 292 1
19760726 173 3 288 1
19761025 254 3 209 1
19761025 137 3 37 1
19761025 371 3 514 1
19761025 219 3 102 1
19761025 19 3 106 1
19761025 241 3 384 1
19761025 380 3 171 1
19761025 17 3 335 1
19761025 368 3 132 1
19761025 252 3 23 1
19761025 372 3 68 1
19761025 41 3 195 1
19761025 22 3 269 1
19761025 66 3 333 1
19761025 184 3 259 1
19761025 288 3 312 1
19761025 254 3 137 1
19761025 371 3 219 1
19761025 19 3 241 1
19761025 380 3 17 1
19761025 368 3 252 1
19761025 41 3 372 1
19761025 22 3 66 1
19761025 288 3 184 1
19761025 254 3 371 1
19761025 380 3 19 1
19761025 368 3 41 1
19761025 288 3 22 1
19761025 380 3 254 1
19761025 288 3 368 1
19761025 380 3 288 1
19761226 308 3 321 1
19761226 35 3 191 1
19761226 319 3 341 1
19761226 57 3 19 1
19761226 282 3 7 1
19761226 229 3 243 1
19761226 180 3 297 1
19761226 275 3 334 1
19761226 81 3 349 1
19761226 122 3 65 1
19761226 210 3 58 1
19761226 245 3 188 1
19761226 291 3 326 1
19761226 186 3 274 1
19761226 318 3 37 1
19761226 127 3 308 1
19761226 39 3 35 1
19761226 319 3 78 1
19761226 67 3 375 1
19761226 57 3 42 1
19761226 282 3 307 1
19761226 358 3 229 1
19761226 180 3 23 1
19761226 275 3 267 1
19761226 81 3 145 1
19761226 233 3 122 1
19761226 210 3 367 1
19761226 129 3 245 1
19761226 291 3 213 1
19761226 186 3 184 1
19761226 318 3 110 1
19761226 127 3 39 1
19761226 319 3 67 1
19761226 282 3 57 1
19761226 358 3 180 1
19761226 81 3 275 1
19761226 210 3 233 1
19761226 129 3 291 1
19761226 318 3 186 1
19761226 127 3 319 1
19761226 358 3 282 1
19761226 81 3 210 1
19761226 318 3 129 1
19761226 358 3 127 1
19761226 81 3 318 1
19761226 358 3 81 1
19760531 127 3 78 1
19760531 75 3 333 1
19760531 24 3 187 1
19760531 48 3 170 1
19760531 69 3 91 1
19760531 165 3 413 1
19760531 294 3 240 1
19760531 90 3 112 1
19760531 134 3 213 1
19760531 324 3 261 1
19760531 164 3 214 1
19760531 115 3 181 1
19760531 219 3 29 1
19760531 364 3 202 1
19760531 248 3 171 1
19760531 19 3 125 1
19760531 292 3 182 1
19760531 207 3 12 1
19760531 54 3 57 1
19760531 155 3 260 1
19760531 102 3 193 1
19760531 22 3 68 1
19760531 32 3 205 1
19760531 288 3 15 1
19760531 244 3 489 1
19760531 332 3 372 1
19760531 201 3 190 1
19760531 93 3 312 1
19760531 199 3 246 1
19760531 27 3 257 1
19760531 287 3 67 1
19760531 100 3 521 1
19760531 264 3 232 1
19760531 380 3 313 1
19760531 367 3 506 1
19760531 131 3 110 1
19760531 128 3 195 1
19760531 87 3 208 1
19760531 326 3 118 1
19760531 234 3 297 1
19760531 355 3 10 1
19760531 151 3 49 1
19760531 204 3 148 1
19760531 361 3 114 1
19760531 16 3 161 1
19760531 225 3 250 1
19760531 385 3 35 1
19760531 314 3 349 1
19760531 23 3 258 1
19760531 104 3 396 1
19760531 175 3 350 1
19760531 368 3 229 1
19760531 206 3 33 1
19760531 1 3 269 1
19760531 262 3 137 1
19760531 197 3 61 1
19760531 8 3 138 1
19760531 99 3 147 1
19760531 321 3 373 1
19760531 17 3 184 1
19760531 132 3 284 1
19760531 34 3 83 1
19760531 127 3 75 1
19760531 24 3 48 1
19760531 69 3 165 1
19760531 294 3 90 1
19760531 134 3 324 1
19760531 164 3 115 1
19760531 41 3 219 1
19760531 364 3 248 1
19760531 19 3 292 1
19760531 207 3 54 1
19760531 155 3 102 1
19760531 22 3 32 1
19760531 288 3 45 1
19760531 332 3 244 1
19760531 201 3 93 1
19760531 27 3 199 1
19760531 100 3 287 1
19760531 380 3 264 1
19760531 367 3 131 1
19760531 87 3 128 1
19760531 326 3 234 1
19760531 151 3 355 1
19760531 204 3 361 1
19760531 225 3 16 1
19760531 385 3 314 1
19760531 23 3 104 1
19760531 175 3 368 1
19760531 1 3 206 1
19760531 197 3 262 1
19760531 99 3 8 1
19760531 17 3 321 1
19760531 34 3 132 1
19760531 127 3 24 1
19760531 69 3 294 1
19760531 134 3 164 1
19760531 41 3 364 1
19760531 19 3 207 1
19760531 22 3 155 1
19760531 288 3 332 1
19760531 27 3 201 1
19760531 380 3 100 1
19760531 87 3 367 1
19760531 151 3 326 1
19760531 225 3 204 1
19760531 385 3 23 1
19760531 1 3 175 1
19760531 99 3 197 1
19760531 34 3 17 1
19760531 127 3 69 1
19760531 134 3 41 1
19760531 22 3 19 1
19760531 288 3 27 1
19760531 87 3 380 1
19760531 225 3 151 1
19760531 1 3 385 1
19760531 34 3 99 1
19760531 134 3 127 1
19760531 288 3 22 1
19760531 87 3 225 1
19760531 1 3 34 1
19760531 134 3 288 1
19760531 1 3 87 1
19760531 1 3 134 1
19761115 127 3 96 1
19761115 262 3 16 1
19761115 24 3 148 1
19761115 368 3 152 1
19761115 195 3 325 1
19761115 343 3 8 1
19761115 204 3 132 1
19761115 100 3 219 1
19761115 294 3 9 1
19761115 222 3 287 1
19761115 197 3 435 1
19761115 59 3 477 1
19761115 1 3 250 1
19761115 127 3 262 1
19761115 24 3 130 1
19761115 368 3 176 1
19761115 195 3 49 1
19761115 343 3 204 1
19761115 294 3 100 1
19761115 197 3 222 1
19761115 1 3 59 1
19761115 127 3 24 1
19761115 195 3 368 1
19761115 343 3 294 1
19761115 197 3 1 1
19761115 127 3 195 1
19761115 197 3 343 1
19761115 127 3 197 1
19761025 318 3 170 1
19761025 315 3 188 1
19761025 78 3 192 1
19761025 147 3 519 1
19761025 282 3 268 1
19761025 35 3 7 1
19761025 345 3 100 1
19761025 31 3 169 1
19761025 291 3 129 1
19761025 32 3 324 1
19761025 334 3 65 1
19761025 153 3 190 1
19761025 47 3 213 1
19761025 108 3 110 1
19761025 81 3 125 1
19761025 318 3 315 1
19761025 78 3 147 1
19761025 282 3 35 1
19761025 345 3 31 1
19761025 291 3 32 1
19761025 334 3 153 1
19761025 108 3 47 1
19761025 81 3 361 1
19761025 318 3 78 1
19761025 282 3 345 1
19761025 291 3 334 1
19761025 81 3 108 1
19761025 282 3 318 1
19761025 291 3 81 1
19761025 291 3 282 1
19760210 144 3 151 1
19760210 175 3 5 1
19760210 155 3 187 1
19760210 371 3 12 1
19760210 358 3 36 1
19760210 233 3 106 1
19760210 369 3 319 1
19760210 34 3 110 1
19760210 144 3 175 1
19760210 371 3 155 1
19760210 233 3 358 1
19760210 34 3 369 1
19760210 371 3 144 1
19760210 34 3 233 1
19760210 34 3 371 1
19760330 127 3 213 1
19760330 151 3 222 1
19760330 282 3 54 1
19760330 14 3 323 1
19760330 319 3 349 1
19760330 343 3 36 1
19760330 110 3 66 1
19760330 34 3 7 1
19760330 127 3 151 1
19760330 14 3 282 1
19760330 343 3 319 1
19760330 34 3 110 1
19760330 127 3 14 1
19760330 34 3 343 1
19760330 34 3 127 1
19761107 144 3 240 1
19761107 192 3 125 1
19761107 40 3 147 1
19761107 89 3 347 1
19761107 69 3 112 1
19761107 153 3 92 1
19761107 128 3 84 1
19761107 350 3 170 1
19761107 332 3 291 1
19761107 110 3 207 1
19761107 210 3 131 1
19761107 108 3 10 1
19761107 170 3 350 1
19761107 65 3 299 1
19761107 188 3 318 1
19761107 144 3 47 1
19761107 324 3 192 1
19761107 243 3 40 1
19761107 89 3 12 1
19761107 129 3 69 1
19761107 153 3 35 1
19761107 128 3 182 1
19761107 350 3 518 1
19761107 332 3 213 1
19761107 321 3 32 1
19761107 110 3 227 1
19761107 210 3 268 1
19761107 108 3 57 1
19761107 349 3 170 1
19761107 315 3 65 1
19761107 267 3 188 1
19761107 144 3 324 1
19761107 89 3 243 1
19761107 153 3 129 1
19761107 128 3 350 1
19761107 332 3 321 1
19761107 210 3 110 1
19761107 108 3 349 1
19761107 267 3 315 1
19761107 144 3 89 1
19761107 153 3 128 1
19761107 210 3 332 1
19761107 108 3 267 1
19761107 144 3 153 1
19761107 210 3 108 1
19761107 210 3 144 1
19760406 127 3 233 1
19760406 213 3 28 1
19760406 64 3 36 1
19760406 353 3 106 1
19760406 110 3 14 1
19760406 252 3 318 1
19760406 292 3 34 1
19760406 319 3 127 1
19760406 64 3 213 1
19760406 353 3 110 1
19760406 252 3 292 1
19760406 64 3 319 1
19760406 252 3 353 1
19760406 252 3 64 1
19761101 173 3 384 1
19761101 67 3 246 1
19761101 372 3 312 1
19761101 175 3 37 1
19761101 102 3 514 1
19761101 248 3 8 1
19761101 259 3 149 1
19761101 41 3 326 1
19761101 195 3 22 1
19761101 137 3 364 1
19761101 93 3 363 1
19761101 368 3 241 1
19761101 104 3 132 1
19761101 106 3 254 1
19761101 68 3 355 1
19761101 134 3 375 1
19761101 173 3 67 1
19761101 175 3 372 1
19761101 102 3 248 1
19761101 41 3 259 1
19761101 137 3 195 1
19761101 368 3 93 1
19761101 106 3 104 1
19761101 134 3 68 1
19761101 173 3 175 1
19761101 41 3 102 1
19761101 368 3 137 1
19761101 106 3 134 1
19761101 173 3 41 1
19761101 106 3 368 1
19761101 173 3 106 1
19760315 87 3 14 1
19760315 190 3 213 1
19760315 292 3 64 1
19760315 134 3 66 1
19760315 228 3 104 1
19760315 54 3 326 1
19760315 7 3 5 1
19760315 252 3 358 1
19760315 190 3 87 1
19760315 134 3 292 1
19760315 54 3 228 1
19760315 252 3 7 1
19760315 134 3 190 1
19760315 252 3 54 1
19760315 134 3 252 1
19760420 32 3 210 1
19760420 41 3 358 1
19760420 110 3 14 1
19760420 319 3 371 1
19760420 288 3 7 1
19760420 54 3 168 1
19760420 180 3 104 1
19760420 173 3 282 1
19760420 41 3 32 1
19760420 319 3 110 1
19760420 288 3 54 1
19760420 173 3 180 1
19760420 319 3 41 1
19760420 173 3 288 1
19760420 173 3 319 1
19760517 225 3 240 1
19760517 214 3 133 1
19760517 148 3 23 1
19760517 67 3 8 1
19760517 264 3 181 1
19760517 364 3 204 1
19760517 78 3 326 1
19760517 368 3 21 1
19760517 151 3 205 1
19760517 375 3 48 1
19760517 99 3 313 1
19760517 40 3 267 1
19760517 206 3 104 1
19760517 91 3 24 1
19760517 294 3 273 1
19760517 175 3 372 1
19760517 68 3 147 1
19760517 22 3 102 1
19760517 115 3 128 1
19760517 252 3 16 1
19760517 132 3 281 1
19760517 324 3 201 1
19760517 258 3 131 1
19760517 213 3 155 1
19760517 197 3 164 1
19760517 45 3 125 1
19760517 380 3 193 1
19760517 207 3 367 1
19760517 229 3 215 1
19760517 114 3 246 1
19760517 87 3 170 1
19760517 225 3 214 1
19760517 148 3 67 1
19760517 364 3 264 1
19760517 78 3 368 1
19760517 151 3 375 1
19760517 99 3 40 1
19760517 91 3 206 1
19760517 175 3 294 1
19760517 22 3 68 1
19760517 252 3 115 1
19760517 132 3 324 1
19760517 213 3 258 1
19760517 197 3 45 1
19760517 260 3 380 1
19760517 229 3 207 1
19760517 87 3 114 1
19760517 225 3 148 1
19760517 364 3 78 1
19760517 151 3 99 1
19760517 175 3 91 1
19760517 22 3 252 1
19760517 132 3 213 1
19760517 197 3 260 1
19760517 87 3 229 1
19760517 225 3 364 1
19760517 151 3 175 1
19760517 132 3 22 1
19760517 87 3 197 1
19760517 225 3 151 1
19760517 87 3 132 1
19760517 87 3 225 1
19760823 173 3 332 1
19760823 368 3 168 1
19760823 175 3 315 1
19760823 213 3 245 1
19760823 288 3 102 1
19760823 262 3 345 1
19760823 41 3 201 1
19760823 147 3 240 1
19760823 257 3 225 1
19760823 294 3 84 1
19760823 380 3 31 1
19760823 115 3 95 1
19760823 134 3 206 1
19760823 148 3 37 1
19760823 328 3 345 1
19760823 180 3 207 1
19760823 291 3 258 1
19760823 132 3 259 1
19760823 54 3 110 1
19760823 87 3 24 1
19760823 219 3 250 1
19760823 151 3 197 1
19760823 127 3 165 1
19760823 229 3 241 1
19760823 69 3 8 1
19760823 287 3 7 1
19760823 1 3 17 1
19760823 170 3 40 1
19760823 319 3 91 1
19760823 128 3 342 1
19760823 34 3 192 1
19760823 173 3 368 1
19760823 175 3 213 1
19760823 288 3 262 1
19760823 41 3 147 1
19760823 257 3 294 1
19760823 380 3 115 1
19760823 134 3 148 1
19760823 180 3 328 1
19760823 132 3 291 1
19760823 87 3 54 1
19760823 151 3 219 1
19760823 229 3 69 1
19760823 1 3 287 1
19760823 319 3 170 1
19760823 34 3 128 1
19760823 173 3 175 1
19760823 288 3 41 1
19760823 257 3 380 1
19760823 134 3 180 1
19760823 87 3 132 1
19760823 127 3 151 1
19760823 1 3 229 1
19760823 34 3 319 1
19760823 288 3 173 1
19760823 134 3 257 1
19760823 87 3 127 1
19760823 34 3 1 1
19760823 134 3 288 1
19760823 34 3 87 1
19760823 34 3 134 1
19760522 269 3 27 1
19760522 16 3 67 1
19760522 324 3 525 1
19760522 115 3 21 1
19760522 102 3 254 1
19760522 197 3 292 1
19760522 264 3 363 1
19760522 78 3 35 1
19760522 164 3 258 1
19760522 314 3 132 1
19760522 364 3 33 1
19760522 175 3 22 1
19760522 214 3 246 1
19760522 147 3 148 1
19760522 375 3 448 1
19760522 40 3 193 1
19760522 34 3 269 1
19760522 16 3 372 1
19760522 201 3 324 1
19760522 48 3 115 1
19760522 102 3 240 1
19760522 197 3 335 1
19760522 264 3 215 1
19760522 78 3 12 1
19760522 23 3 164 1
19760522 380 3 314 1
19760522 364 3 302 1
19760522 151 3 175 1
19760522 214 3 313 1
19760522 375 3 181 1
19760522 225 3 40 1
19760522 34 3 16 1
19760522 48 3 201 1
19760522 197 3 102 1
19760522 78 3 264 1
19760522 380 3 23 1
19760522 151 3 364 1
19760522 225 3 375 1
19760522 34 3 48 1
19760522 197 3 78 1
19760522 151 3 380 1
19760522 225 3 214 1
19760522 34 3 197 1
19760522 225 3 151 1
19760522 34 3 225 1
19760413 127 3 175 1
19760413 292 3 36 1
19760413 99 3 269 1
19760413 1 3 155 1
19760413 208 3 252 1
19760413 5 3 233 1
19760413 380 3 318 1
19760413 34 3 260 1
19760413 127 3 292 1
19760413 99 3 1 1
19760413 208 3 5 1
19760413 380 3 34 1
19760413 127 3 99 1
19760413 380 3 208 1
19760413 127 3 380 1
19760114 34 3 282 1
19760114 168 3 32 1
19760114 5 3 213 1
19760114 155 3 208 1
19760114 180 3 36 1
19760114 14 3 78 1
19760114 380 3 175 1
19760114 144 3 385 1
19760114 168 3 34 1
19760114 5 3 155 1
19760114 180 3 14 1
19760114 144 3 380 1
19760114 168 3 5 1
19760114 144 3 180 1
19760114 144 3 168 1
19760809 173 3 67 1
19760809 367 3 192 1
19760809 208 3 207 1
19760809 40 3 170 1
19760809 87 3 345 1
19760809 148 3 250 1
19760809 99 3 132 1
19760809 128 3 361 1
19760809 225 3 204 1
19760809 100 3 77 1
19760809 294 3 385 1
19760809 238 3 29 1
19760809 134 3 213 1
19760809 8 3 201 1
19760809 292 3 324 1
19760809 343 3 68 1
19760809 32 3 12 1
19760809 380 3 93 1
19760809 137 3 259 1
19760809 151 3 368 1
19760809 48 3 42 1
19760809 45 3 23 1
19760809 229 3 115 1
19760809 288 3 258 1
19760809 252 3 44 1
19760809 31 3 92 1
19760809 41 3 240 1
19760809 78 3 206 1
19760809 168 3 147 1
19760809 66 3 108 1
19760809 127 3 129 1
19760809 173 3 367 1
19760809 208 3 40 1
19760809 87 3 148 1
19760809 99 3 128 1
19760809 225 3 100 1
19760809 294 3 238 1
19760809 134 3 8 1
19760809 292 3 343 1
19760809 380 3 32 1
19760809 151 3 137 1
19760809 45 3 48 1
19760809 229 3 288 1
19760809 41 3 31 1
19760809 78 3 168 1
19760809 127 3 66 1
19760809 173 3 208 1
19760809 87 3 99 1
19760809 225 3 294 1
19760809 134 3 292 1
19760809 380 3 151 1
19760809 45 3 229 1
19760809 41 3 252 1
19760809 127 3 78 1
19760809 173 3 87 1
19760809 134 3 225 1
19760809 380 3 45 1
19760809 127 3 41 1
19760809 173 3 134 1
19760809 380 3 127 1
19760809 173 3 380 1
19760210 208 3 353 1
19760210 301 3 380 1
19760210 87 3 40 1
19760210 134 3 93 1
19760210 78 3 147 1
19760210 19 3 328 1
19760210 81 3 208 1
19760210 301 3 87 1
19760210 168 3 134 1
19760210 19 3 78 1
19760210 81 3 301 1
19760210 19 3 168 1
19760210 81 3 19 1
19761115 243 3 30 1
19761115 147 3 224 1
19761115 192 3 57 1
19761115 129 3 182 1
19761115 350 3 299 1
19761115 291 3 89 1
19761115 268 3 131 1
19761115 112 3 213 1
19761115 40 3 518 1
19761115 347 3 446 1
19761115 125 3 267 1
19761115 47 3 206 1
19761115 78 3 188 1
19761115 350 3 299 1
19761115 332 3 462 1
19761115 243 3 69 1
19761115 147 3 65 1
19761115 110 3 192 1
19761115 153 3 94 1
19761115 128 3 129 1
19761115 350 3 207 1
19761115 291 3 420 1
19761115 12 3 268 1
19761115 92 3 112 1
19761115 40 3 10 1
19761115 229 3 125 1
19761115 240 3 47 1
19761115 78 3 321 1
19761115 207 3 350 1
19761115 319 3 332 1
19761115 243 3 147 1
19761115 110 3 153 1
19761115 128 3 350 1
19761115 291 3 12 1
19761115 40 3 92 1
19761115 229 3 347 1
19761115 78 3 240 1
19761115 319 3 207 1
19761115 110 3 243 1
19761115 291 3 128 1
19761115 40 3 229 1
19761115 78 3 319 1
19761115 291 3 110 1
19761115 40 3 78 1
19761115 40 3 291 1
19761204 151 3 8 1
19761204 130 3 16 1
19761204 262 3 132 1
19761204 197 3 204 1
19761204 219 3 67 1
19761204 24 3 250 1
19761204 9 3 257 1
19761204 130 3 151 1
19761204 49 3 262 1
19761204 197 3 219 1
19761204 24 3 9 1
19761204 49 3 130 1
19761204 197 3 24 1
19761204 197 3 49 1
19760107 14 3 180 1
19760107 213 3 106 1
19760107 64 3 76 1
19760107 353 3 32 1
19760107 81 3 228 1
19760107 282 3 28 1
19760107 5 3 385 1
19760107 19 3 37 1
19760107 14 3 213 1
19760107 64 3 353 1
19760107 282 3 81 1
19760107 19 3 5 1
19760107 14 3 64 1
19760107 19 3 282 1
19760107 19 3 14 1
19760802 127 3 186 1
19760802 93 3 115 1
19760802 208 3 35 1
19760802 193 3 250 1
19760802 41 3 137 1
19760802 78 3 343 1
19760802 81 3 258 1
19760802 259 3 110 1
19760802 134 3 98 1
19760802 350 3 328 1
19760802 349 3 262 1
19760802 8 3 168 1
19760802 31 3 206 1
19760802 319 3 287 1
19760802 48 3 95 1
19760802 67 3 192 1
19760802 367 3 369 1
19760802 182 3 68 1
19760802 328 3 350 1
19760802 32 3 429 1
19760802 108 3 229 1
19760802 170 3 361 1
19760802 288 3 10 1
19760802 368 3 77 1
19760802 252 3 44 1
19760802 45 3 132 1
19760802 318 3 74 1
19760802 385 3 324 1
19760802 380 3 20 1
19760802 40 3 240 1
19760802 294 3 87 1
19760802 127 3 93 1
19760802 208 3 193 1
19760802 41 3 78 1
19760802 81 3 259 1
19760802 134 3 350 1
19760802 349 3 8 1
19760802 151 3 31 1
19760802 319 3 48 1
19760802 67 3 367 1
19760802 328 3 182 1
19760802 32 3 108 1
19760802 288 3 170 1
19760802 368 3 252 1
19760802 45 3 318 1
19760802 380 3 385 1
19760802 40 3 294 1
19760802 127 3 208 1
19760802 81 3 41 1
19760802 134 3 349 1
19760802 151 3 319 1
19760802 328 3 67 1
19760802 288 3 32 1
19760802 368 3 45 1
19760802 380 3 40 1
19760802 81 3 127 1
19760802 134 3 151 1
19760802 328 3 288 1
19760802 380 3 368 1
19760802 134 3 81 1
19760802 380 3 328 1
19760802 134 3 380 1
19760301 369 3 361 1
19760301 240 3 125 1
19760301 291 3 354 1
19760301 259 3 112 1
19760301 299 3 412 1
19760301 67 3 52 1
19760301 58 3 145 1
19760301 332 3 12 1
19760301 12 3 495 1
19760301 47 3 367 1
19760301 121 3 170 1
19760301 135 3 270 1
19760301 28 3 192 1
19760301 368 3 167 1
19760301 181 3 334 1
19760301 144 3 31 1
19760301 369 3 240 1
19760301 291 3 259 1
19760301 67 3 299 1
19760301 58 3 332 1
19760301 47 3 12 1
19760301 135 3 121 1
19760301 28 3 368 1
19760301 144 3 181 1
19760301 291 3 369 1
19760301 67 3 58 1
19760301 135 3 47 1
19760301 28 3 144 1
19760301 67 3 291 1
19760301 135 3 28 1
19760301 135 3 67 1
19760420 34 3 36 1
19760420 1 3 175 1
19760420 229 3 33 1
19760420 144 3 155 1
19760420 353 3 78 1
19760420 5 3 160 1
19760420 380 3 314 1
19760420 127 3 208 1
19760420 1 3 34 1
19760420 144 3 229 1
19760420 353 3 5 1
19760420 380 3 127 1
19760420 144 3 1 1
19760420 380 3 353 1
19760420 380 3 144 1
19760112 19 3 54 1
19760112 233 3 7 1
19760112 334 3 37 1
19760112 291 3 353 1
19760112 371 3 106 1
19760112 64 3 349 1
19760112 328 3 228 1
19760112 301 3 318 1
19760112 19 3 233 1
19760112 291 3 334 1
19760112 371 3 64 1
19760112 328 3 301 1
19760112 19 3 291 1
19760112 371 3 328 1
19760112 19 3 371 1
19760217 353 3 93 1
19760217 81 3 147 1
19760217 301 3 40 1
19760217 64 3 309 1
19760217 1 3 106 1
19760217 228 3 78 1
19760217 328 3 208 1
19760217 19 3 380 1
19760217 81 3 353 1
19760217 301 3 64 1
19760217 1 3 228 1
19760217 19 3 328 1
19760217 301 3 81 1
19760217 19 3 1 1
19760217 19 3 301 1
19760808 173 3 332 1
19760808 132 3 37 1
19760808 294 3 381 1
19760808 68 3 110 1
19760808 87 3 245 1
19760808 314 3 16 1
19760808 45 3 125 1
19760808 259 3 93 1
19760808 19 3 65 1
19760808 385 3 415 1
19760808 229 3 84 1
19760808 23 3 315 1
19760808 210 3 473 1
19760808 8 3 46 1
19760808 380 3 361 1
19760808 333 3 287 1
19760808 188 3 342 1
19760808 208 3 31 1
19760808 195 3 38 1
19760808 41 3 115 1
19760808 206 3 57 1
19760808 78 3 246 1
19760808 288 3 182 1
19760808 368 3 177 1
19760808 292 3 85 1
19760808 108 3 242 1
19760808 66 3 252 1
19760808 148 3 513 1
19760808 168 3 250 1
19760808 201 3 112 1
19760808 225 3 95 1
19760808 173 3 132 1
19760808 294 3 68 1
19760808 87 3 314 1
19760808 45 3 259 1
19760808 385 3 19 1
19760808 229 3 23 1
19760808 210 3 8 1
19760808 380 3 333 1
19760808 208 3 188 1
19760808 41 3 195 1
19760808 78 3 206 1
19760808 368 3 292 1
19760808 66 3 108 1
19760808 148 3 168 1
19760808 225 3 201 1
19760808 173 3 294 1
19760808 87 3 45 1
19760808 385 3 229 1
19760808 380 3 210 1
19760808 41 3 208 1
19760808 288 3 78 1
19760808 66 3 368 1
19760808 225 3 148 1
19760808 173 3 87 1
19760808 385 3 380 1
19760808 288 3 41 1
19760808 66 3 225 1
19760808 173 3 385 1
19760808 288 3 66 1
19760808 173 3 288 1
19760823 144 3 187 1
19760823 67 3 92 1
19760823 369 3 68 1
19760823 216 3 10 1
19760823 371 3 233 1
19760823 22 3 104 1
19760823 45 3 5 1
19760823 292 3 275 1
19760823 189 3 23 1
19760823 252 3 264 1
19760823 204 3 334 1
19760823 28 3 93 1
19760823 385 3 48 1
19760823 81 3 32 1
19760823 347 3 367 1
19760823 318 3 137 1
19760823 144 3 67 1
19760823 369 3 216 1
19760823 22 3 371 1
19760823 45 3 292 1
19760823 252 3 189 1
19760823 28 3 204 1
19760823 385 3 81 1
19760823 318 3 347 1
19760823 144 3 369 1
19760823 22 3 45 1
19760823 252 3 28 1
19760823 318 3 385 1
19760823 144 3 22 1
19760823 318 3 252 1
19760823 144 3 318 1
19761205 41 3 127 1
19761205 127 3 288 1
19761205 127 3 134 1
19761205 380 3 127 1
19761205 41 3 288 1
19761205 134 3 288 1
19761205 134 3 41 1
19761205 225 3 134 1
19761205 225 3 87 1
19761205 380 3 225 1
19761205 225 3 318 1
19761205 225 3 380 1
19761205 380 3 87 1
19761205 318 3 380 1
19761205 87 3 318 1
19760215 19 3 34 1
19760215 19 3 190 1
19760215 19 3 288 1
19760215 19 3 210 1
19760215 144 3 19 1
19760215 34 3 288 1
19760215 34 3 190 1
19760215 144 3 34 1
19760215 190 3 288 1
19760215 144 3 180 1
19760215 144 3 309 1
19760215 144 3 210 1
19760215 210 3 180 1
19760215 309 3 180 1
19760215 210 3 309 1
19760713 103 3 380 1
19760713 15 3 103 1
19760713 15 3 204 1
19760713 15 3 226 1
19760713 294 3 15 1
19760713 226 3 188 1
19760713 226 3 315 1
19760713 315 3 37 1
19760713 229 3 23 1
19760713 307 3 229 1
19760713 307 3 267 1
19760713 294 3 307 1
19760713 202 3 339 1
19760713 294 3 202 1
19760713 294 3 220 1
19760713 22 3 294 1
19760713 364 3 397 1
19760713 24 3 364 1
19760713 24 3 49 1
19760713 24 3 292 1
19760713 22 3 24 1
19760713 152 3 219 1
19760713 292 3 152 1
19760713 292 3 552 1
19760713 118 3 264 1
19760713 164 3 118 1
19760713 164 3 27 1
19760713 22 3 164 1
19760713 115 3 262 1
19760713 22 3 115 1
19760713 22 3 232 1
19761018 267 3 210 1
19761018 267 3 321 1
19761018 267 3 57 1
19761018 170 3 267 1
19761018 57 3 268 1
19761018 57 3 440 1
19761018 349 3 108 1
19761018 170 3 349 1
19761018 108 3 315 1
19761018 170 3 331 1
19761018 170 3 100 1
19761018 170 3 229 1
19761018 110 3 170 1
19761018 291 3 190 1
19761018 291 3 125 1
19761018 324 3 291 1
19761018 324 3 40 1
19761018 229 3 324 1
19761018 40 3 7 1
19761018 229 3 319 1
19761018 229 3 345 1
19761018 229 3 153 1
19761018 58 3 188 1
19761018 153 3 58 1
19761018 78 3 35 1
19761018 78 3 182 1
19761018 78 3 361 1
19761018 78 3 31 1
19761018 110 3 78 1
19761018 361 3 191 1
19761018 361 3 278 1
19761018 350 3 10 1
19761018 129 3 350 1
19761018 31 3 129 1
19761018 31 3 334 1
19761018 334 3 81 1
19761018 192 3 519 1
19761018 110 3 192 1
19761018 110 3 47 1
19761018 110 3 213 1
19761018 47 3 92 1
19761018 47 3 282 1
19761018 65 3 147 1
19761018 65 3 39 1
19761018 213 3 65 1
19761018 213 3 32 1
19761018 213 3 318 1
19761217 343 3 294 1
19761217 127 3 49 1
19761217 127 3 343 1
19761217 294 3 49 1
19760305 127 3 262 1
19760305 262 3 294 1
19761112 294 3 295 1
19760924 69 3 190 1
19760924 180 3 1 1
19760924 180 3 69 1
19760924 1 3 190 1
19760227 40 3 319 1
19760227 190 3 252 1
19760227 190 3 40 1
19760924 274 3 509 1
19760924 132 3 236 1
19760924 274 3 236 1
19760924 132 3 509 1
19760430 132 3 82 1
19760430 144 3 274 1
19760430 144 3 132 1
19760430 82 3 274 1
19760430 22 3 263 1
19760430 281 3 27 1
19760430 22 3 27 1
19760430 281 3 263 1
19761029 293 3 464 1
19761103 178 3 293 1
19761103 71 3 304 1
19761103 304 3 293 1
19761103 71 3 178 1
19761217 1 3 262 1
19761217 24 3 17 1
19760426 28 3 262 1
19760426 262 3 292 1
19761008 141 3 451 1
19761008 195 3 253 1
19760514 22 3 147 1
19760514 281 3 147 1
19760723 5 3 225 1
19760723 5 3 16 1
19760708 312 3 264 1
19760708 187 3 99 1
19760708 264 3 187 1
19760708 312 3 99 1
19760805 17 3 312 1
19760805 1 3 187 1
19760805 1 3 312 1
19760805 17 3 187 1
19760520 45 3 82 1
19760520 312 3 82 1
19760402 45 3 417 1
19760402 312 3 276 1
19760402 312 3 417 1
19760402 45 3 276 1
19760514 5 3 364 1
19760514 5 3 207 1
19760430 385 3 247 1
19760430 248 3 247 1
19760813 5 3 161 1
19760813 5 3 22 1
19760723 22 3 155 1
19760723 175 3 281 1
19760723 22 3 175 1
19761202 205 3 324 1
19761202 12 3 211 1
19761202 211 3 324 1
19761202 12 3 205 1
19760116 40 3 12 1
19760116 369 3 252 1
19760116 369 3 40 1
19760116 252 3 12 1
19760924 224 3 534 1
19760716 1 3 314 1
19760716 69 3 214 1
19760716 17 3 214 1
19760521 69 3 385 1
19760521 1 3 248 1
19760521 1 3 385 1
19760521 69 3 248 1
19761217 318 3 288 1
19761217 19 3 304 1
19761217 318 3 304 1
19761217 288 3 19 1
19760430 365 3 396 1
19760430 365 3 489 1
19760924 336 3 510 1
19760924 380 3 510 1
19760924 68 3 237 1
19760924 68 3 136 1
19761112 81 3 195 1
19761112 371 3 141 1
19761112 141 3 81 1
19761112 371 3 195 1
