553 3843
19770110 318 3 80 1
19770110 180 3 122 1
19770110 313 3 334 1
19770110 363 3 307 1
19770110 129 3 291 1
19770110 110 3 10 1
19770110 93 3 501 1
19770110 67 3 39 1
19770110 374 3 153 1
19770110 229 3 184 1
19770110 7 3 551 1
19770110 215 3 72 1
19770110 282 3 186 1
19770110 57 3 23 1
19770110 54 3 341 1
19770110 349 3 318 1
19770110 180 3 65 1
19770110 313 3 233 1
19770110 363 3 231 1
19770110 367 3 129 1
19770110 110 3 360 1
19770110 93 3 319 1
19770110 53 3 374 1
19770110 42 3 229 1
19770110 7 3 35 1
19770110 81 3 182 1
19770110 188 3 215 1
19770110 326 3 282 1
19770110 57 3 213 1
19770110 54 3 19 1
19770110 180 3 349 1
19770110 313 3 363 1
19770110 367 3 110 1
19770110 67 3 93 1
19770110 42 3 53 1
19770110 81 3 7 1
19770110 326 3 188 1
19770110 54 3 57 1
19770110 180 3 313 1
19770110 367 3 67 1
19770110 42 3 81 1
19770110 54 3 326 1
19770110 367 3 180 1
19770110 42 3 54 1
19770110 367 3 42 1
19771212 371 3 240 1
19771212 187 3 267 1
19771212 268 3 30 1
19771212 350 3 328 1
19771212 208 3 381 1
19771212 57 3 80 1
19771212 291 3 308 1
19771212 282 3 325 1
19771212 346 3 35 1
19771212 341 3 92 1
19771212 29 3 85 1
19771212 31 3 274 1
19771212 42 3 319 1
19771212 188 3 182 1
19771212 58 3 88 1
19771212 328 3 350 1
19771212 67 3 110 1
19771212 334 3 10 1
19771212 78 3 157 1
19771212 213 3 191 1
19771212 349 3 185 1
19771212 72 3 551 1
19771212 190 3 184 1
19771212 318 3 195 1
19771212 112 3 180 1
19771212 47 3 271 1
19771212 297 3 307 1
19771212 186 3 129 1
19771212 40 3 23 1
19771212 331 3 7 1
19771212 53 3 243 1
19771212 65 3 210 1
19771212 371 3 187 1
19771212 350 3 268 1
19771212 208 3 57 1
19771212 282 3 291 1
19771212 341 3 346 1
19771212 31 3 29 1
19771212 42 3 188 1
19771212 58 3 328 1
19771212 67 3 334 1
19771212 78 3 213 1
19771212 349 3 72 1
19771212 318 3 190 1
19771212 47 3 112 1
19771212 297 3 186 1
19771212 40 3 331 1
19771212 65 3 53 1
19771212 371 3 350 1
19771212 282 3 208 1
19771212 31 3 341 1
19771212 42 3 58 1
19771212 67 3 78 1
19771212 318 3 349 1
19771212 47 3 297 1
19771212 65 3 40 1
19771212 371 3 282 1
19771212 42 3 31 1
19771212 318 3 67 1
19771212 65 3 47 1
19771212 42 3 371 1
19771212 318 3 65 1
19771212 318 3 42 1
19771121 350 3 78 1
19771121 78 3 350 1
19771121 346 3 124 1
19771121 340 3 57 1
19771121 192 3 84 1
19771121 110 3 10 1
19771121 298 3 227 1
19771121 349 3 267 1
19771121 147 3 462 1
19771121 324 3 240 1
19771121 208 3 375 1
19771121 331 3 164 1
19771121 65 3 481 1
19771121 297 3 35 1
19771121 259 3 67 1
19771121 350 3 78 1
19771121 340 3 346 1
19771121 110 3 298 1
19771121 147 3 349 1
19771121 208 3 324 1
19771121 331 3 65 1
19771121 297 3 259 1
19771121 350 3 340 1
19771121 110 3 192 1
19771121 147 3 208 1
19771121 297 3 331 1
19771121 350 3 110 1
19771121 147 3 297 1
19771121 350 3 147 1
19771031 34 3 214 1
19771031 313 3 535 1
19771031 355 3 104 1
19771031 32 3 14 1
19771031 323 3 246 1
19771031 361 3 102 1
19771031 209 3 159 1
19771031 22 3 193 1
19771031 184 3 54 1
19771031 339 3 326 1
19771031 24 3 179 1
19771031 45 3 93 1
19771031 353 3 106 1
19771031 132 3 248 1
19771031 364 3 269 1
19771031 380 3 186 1
19771031 34 3 313 1
19771031 32 3 355 1
19771031 323 3 361 1
19771031 22 3 209 1
19771031 339 3 184 1
19771031 45 3 24 1
19771031 132 3 353 1
19771031 380 3 364 1
19771031 34 3 32 1
19771031 22 3 323 1
19771031 45 3 339 1
19771031 380 3 132 1
19771031 34 3 22 1
19771031 380 3 45 1
19771031 34 3 380 1
19771024 41 3 111 1
19771024 106 3 140 1
19771024 355 3 298 1
19771024 214 3 368 1
19771024 323 3 274 1
19771024 179 3 254 1
19771024 92 3 209 1
19771024 22 3 246 1
19771024 48 3 155 1
19771024 102 3 85 1
19771024 132 3 367 1
19771024 69 3 313 1
19771024 37 3 28 1
19771024 29 3 174 1
19771024 380 3 159 1
19771024 41 3 106 1
19771024 355 3 214 1
19771024 323 3 179 1
19771024 22 3 92 1
19771024 48 3 102 1
19771024 132 3 69 1
19771024 37 3 29 1
19771024 380 3 193 1
19771024 41 3 355 1
19771024 323 3 22 1
19771024 132 3 48 1
19771024 380 3 37 1
19771024 41 3 323 1
19771024 380 3 132 1
19771024 41 3 380 1
19771107 345 3 298 1
19771107 349 3 308 1
19771107 245 3 164 1
19771107 67 3 128 1
19771107 318 3 57 1
19771107 208 3 346 1
19771107 170 3 192 1
19771107 240 3 78 1
19771107 213 3 147 1
19771107 7 3 321 1
19771107 340 3 162 1
19771107 210 3 372 1
19771107 345 3 298 1
19771107 259 3 110 1
19771107 233 3 207 1
19771107 81 3 175 1
19771107 349 3 345 1
19771107 245 3 67 1
19771107 208 3 318 1
19771107 240 3 170 1
19771107 7 3 213 1
19771107 210 3 340 1
19771107 259 3 345 1
19771107 81 3 233 1
19771107 349 3 245 1
19771107 208 3 240 1
19771107 210 3 7 1
19771107 259 3 81 1
19771107 349 3 208 1
19771107 210 3 259 1
19771107 210 3 349 1
19770516 1 3 245 1
19770516 350 3 100 1
19770516 78 3 187 1
19770516 361 3 163 1
19770516 371 3 67 1
19770516 367 3 164 1
19770516 155 3 68 1
19770516 184 3 370 1
19770516 41 3 434 1
19770516 355 3 326 1
19770516 257 3 229 1
19770516 246 3 153 1
19770516 288 3 108 1
19770516 213 3 174 1
19770516 31 3 259 1
19770516 219 3 275 1
19770516 42 3 80 1
19770516 282 3 234 1
19770516 91 3 252 1
19770516 118 3 74 1
19770516 37 3 48 1
19770516 22 3 324 1
19770516 294 3 197 1
19770516 144 3 24 1
19770516 368 3 170 1
19770516 69 3 268 1
19770516 145 3 82 1
19770516 28 3 318 1
19770516 332 3 104 1
19770516 17 3 305 1
19770516 385 3 32 1
19770516 127 3 312 1
19770516 1 3 350 1
19770516 361 3 78 1
19770516 371 3 367 1
19770516 155 3 184 1
19770516 41 3 355 1
19770516 246 3 257 1
19770516 213 3 288 1
19770516 31 3 219 1
19770516 282 3 42 1
19770516 91 3 118 1
19770516 37 3 22 1
19770516 144 3 294 1
19770516 368 3 69 1
19770516 145 3 28 1
19770516 17 3 332 1
19770516 385 3 127 1
19770516 1 3 361 1
19770516 371 3 155 1
19770516 41 3 246 1
19770516 213 3 31 1
19770516 282 3 91 1
19770516 144 3 37 1
19770516 368 3 145 1
19770516 17 3 385 1
19770516 371 3 1 1
19770516 41 3 213 1
19770516 282 3 144 1
19770516 17 3 368 1
19770516 371 3 41 1
19770516 17 3 282 1
19770516 371 3 17 1
19770823 173 3 233 1
19770823 189 3 61 1
19770823 16 3 287 1
19770823 328 3 229 1
19770823 180 3 206 1
19770823 99 3 240 1
19770823 340 3 350 1
19770823 380 3 186 1
19770823 87 3 385 1
19770823 129 3 163 1
19770823 275 3 28 1
19770823 301 3 197 1
19770823 69 3 376 1
19770823 32 3 219 1
19770823 193 3 499 1
19770823 81 3 258 1
19770823 148 3 228 1
19770823 45 3 170 1
19770823 264 3 208 1
19770823 282 3 332 1
19770823 260 3 210 1
19770823 326 3 77 1
19770823 130 3 104 1
19770823 225 3 187 1
19770823 318 3 84 1
19770823 100 3 209 1
19770823 262 3 350 1
19770823 321 3 108 1
19770823 151 3 213 1
19770823 268 3 246 1
19770823 8 3 139 1
19770823 41 3 42 1
19770823 173 3 189 1
19770823 328 3 16 1
19770823 99 3 180 1
19770823 380 3 340 1
19770823 87 3 129 1
19770823 301 3 275 1
19770823 32 3 69 1
19770823 81 3 193 1
19770823 148 3 45 1
19770823 282 3 264 1
19770823 326 3 260 1
19770823 225 3 130 1
19770823 318 3 100 1
19770823 262 3 321 1
19770823 151 3 268 1
19770823 41 3 8 1
19770823 173 3 328 1
19770823 380 3 99 1
19770823 87 3 301 1
19770823 81 3 32 1
19770823 148 3 282 1
19770823 225 3 326 1
19770823 262 3 318 1
19770823 151 3 41 1
19770823 380 3 173 1
19770823 87 3 81 1
19770823 225 3 148 1
19770823 151 3 262 1
19770823 87 3 380 1
19770823 225 3 151 1
19770823 225 3 87 1
19770731 173 3 170 1
19770731 375 3 229 1
19770731 368 3 95 1
19770731 384 3 77 1
19770731 134 3 376 1
19770731 14 3 240 1
19770731 19 3 447 1
19770731 346 3 361 1
19770731 288 3 350 1
19770731 124 3 326 1
19770731 180 3 298 1
19770731 44 3 324 1
19770731 328 3 295 1
19770731 340 3 112 1
19770731 213 3 100 1
19770731 332 3 467 1
19770731 80 3 246 1
19770731 26 3 84 1
19770731 350 3 219 1
19770731 210 3 147 1
19770731 40 3 68 1
19770731 8 3 411 1
19770731 164 3 104 1
19770731 225 3 182 1
19770731 57 3 12 1
19770731 129 3 297 1
19770731 89 3 388 1
19770731 87 3 367 1
19770731 148 3 287 1
19770731 301 3 157 1
19770731 193 3 153 1
19770731 41 3 132 1
19770731 173 3 375 1
19770731 384 3 368 1
19770731 134 3 14 1
19770731 19 3 346 1
19770731 124 3 288 1
19770731 180 3 44 1
19770731 340 3 328 1
19770731 332 3 213 1
19770731 26 3 80 1
19770731 210 3 350 1
19770731 40 3 8 1
19770731 225 3 164 1
19770731 129 3 57 1
19770731 87 3 89 1
19770731 301 3 148 1
19770731 41 3 193 1
19770731 173 3 384 1
19770731 134 3 19 1
19770731 180 3 124 1
19770731 332 3 340 1
19770731 210 3 26 1
19770731 225 3 40 1
19770731 87 3 129 1
19770731 41 3 301 1
19770731 134 3 173 1
19770731 180 3 332 1
19770731 225 3 210 1
19770731 87 3 41 1
19770731 180 3 134 1
19770731 225 3 87 1
19770731 180 3 225 1
19770404 22 3 228 1
19770404 69 3 353 1
19770404 155 3 225 1
19770404 380 3 99 1
19770404 87 3 252 1
19770404 34 3 369 1
19770404 1 3 33 1
19770404 127 3 145 1
19770404 69 3 22 1
19770404 155 3 380 1
19770404 34 3 87 1
19770404 127 3 1 1
19770404 69 3 155 1
19770404 34 3 127 1
19770404 34 3 69 1
19770725 127 3 100 1
19770725 345 3 361 1
19770725 40 3 165 1
19770725 192 3 376 1
19770725 19 3 324 1
19770725 145 3 410 1
19770725 89 3 31 1
19770725 14 3 37 1
19770725 81 3 77 1
19770725 246 3 8 1
19770725 346 3 240 1
19770725 282 3 188 1
19770725 366 3 294 1
19770725 137 3 180 1
19770725 132 3 332 1
19770725 384 3 375 1
19770725 368 3 26 1
19770725 88 3 46 1
19770725 193 3 295 1
19770725 78 3 44 1
19770725 130 3 219 1
19770725 380 3 217 1
19770725 340 3 139 1
19770725 28 3 292 1
19770725 65 3 229 1
19770725 134 3 148 1
19770725 164 3 112 1
19770725 57 3 385 1
19770725 367 3 74 1
19770725 87 3 287 1
19770725 127 3 345 1
19770725 40 3 192 1
19770725 145 3 19 1
19770725 14 3 89 1
19770725 81 3 246 1
19770725 346 3 153 1
19770725 282 3 366 1
19770725 132 3 137 1
19770725 368 3 384 1
19770725 262 3 88 1
19770725 78 3 193 1
19770725 130 3 380 1
19770725 28 3 340 1
19770725 134 3 65 1
19770725 164 3 57 1
19770725 87 3 367 1
19770725 127 3 40 1
19770725 145 3 14 1
19770725 81 3 346 1
19770725 282 3 132 1
19770725 368 3 262 1
19770725 130 3 78 1
19770725 28 3 134 1
19770725 87 3 164 1
19770725 127 3 145 1
19770725 282 3 81 1
19770725 130 3 368 1
19770725 87 3 28 1
19770725 127 3 282 1
19770725 87 3 130 1
19770725 127 3 87 1
19770215 127 3 5 1
19770215 145 3 368 1
19770215 66 3 31 1
19770215 301 3 47 1
19770215 371 3 54 1
19770215 155 3 346 1
19770215 292 3 260 1
19770215 144 3 189 1
19770215 127 3 145 1
19770215 301 3 66 1
19770215 371 3 155 1
19770215 144 3 292 1
19770215 301 3 127 1
19770215 371 3 144 1
19770215 371 3 301 1
19771003 127 3 297 1
19771003 372 3 295 1
19771003 145 3 128 1
19771003 209 3 456 1
19771003 175 3 314 1
19771003 112 3 90 1
19771003 58 3 132 1
19771003 45 3 147 1
19771003 380 3 102 1
19771003 6 3 30 1
19771003 78 3 444 1
19771003 130 3 307 1
19771003 106 3 74 1
19771003 294 3 337 1
19771003 197 3 194 1
19771003 17 3 375 1
19771003 268 3 482 1
19771003 224 3 251 1
19771003 108 3 298 1
19771003 77 3 195 1
19771003 87 3 137 1
19771003 184 3 257 1
19771003 16 3 381 1
19771003 385 3 89 1
19771003 163 3 368 1
19771003 274 3 9 1
19771003 119 3 219 1
19771003 127 3 372 1
19771003 145 3 209 1
19771003 175 3 112 1
19771003 45 3 58 1
19771003 380 3 6 1
19771003 78 3 186 1
19771003 130 3 106 1
19771003 197 3 294 1
19771003 268 3 17 1
19771003 37 3 224 1
19771003 108 3 77 1
19771003 87 3 246 1
19771003 242 3 184 1
19771003 385 3 16 1
19771003 163 3 274 1
19771003 225 3 119 1
19771003 127 3 145 1
19771003 45 3 175 1
19771003 380 3 78 1
19771003 130 3 197 1
19771003 268 3 37 1
19771003 87 3 108 1
19771003 242 3 385 1
19771003 225 3 163 1
19771003 127 3 45 1
19771003 380 3 130 1
19771003 87 3 268 1
19771003 225 3 242 1
19771003 127 3 380 1
19771003 87 3 225 1
19771003 127 3 87 1
19770919 127 3 77 1
19770919 17 3 268 1
19770919 130 3 100 1
19770919 257 3 128 1
19770919 9 3 376 1
19770919 264 3 248 1
19770919 78 3 260 1
19770919 99 3 284 1
19770919 197 3 91 1
19770919 209 3 329 1
19770919 69 3 60 1
19770919 163 3 194 1
19770919 61 3 385 1
19770919 83 3 145 1
19770919 114 3 144 1
19770919 130 3 17 1
19770919 257 3 9 1
19770919 264 3 78 1
19770919 197 3 99 1
19770919 69 3 209 1
19770919 61 3 163 1
19770919 114 3 83 1
19770919 127 3 130 1
19770919 264 3 257 1
19770919 197 3 69 1
19770919 61 3 114 1
19770919 127 3 264 1
19770919 61 3 197 1
19770919 127 3 61 1
19771205 358 3 70 1
19771205 331 3 186 1
19771205 291 3 112 1
19771205 31 3 307 1
19771205 40 3 57 1
19771205 29 3 110 1
19771205 344 3 325 1
19771205 213 3 23 1
19771205 282 3 345 1
19771205 334 3 78 1
19771205 208 3 520 1
19771205 129 3 39 1
19771205 346 3 119 1
19771205 58 3 297 1
19771205 67 3 187 1
19771205 345 3 533 1
19771205 72 3 550 1
19771205 185 3 195 1
19771205 319 3 278 1
19771205 341 3 85 1
19771205 53 3 551 1
19771205 180 3 521 1
19771205 191 3 30 1
19771205 7 3 519 1
19771205 223 3 59 1
19771205 274 3 17 1
19771205 349 3 157 1
19771205 188 3 35 1
19771205 92 3 182 1
19771205 318 3 42 1
19771205 331 3 358 1
19771205 31 3 291 1
19771205 29 3 40 1
19771205 213 3 344 1
19771205 282 3 184 1
19771205 208 3 334 1
19771205 129 3 346 1
19771205 58 3 67 1
19771205 345 3 72 1
19771205 319 3 185 1
19771205 47 3 341 1
19771205 180 3 53 1
19771205 7 3 191 1
19771205 274 3 223 1
19771205 349 3 188 1
19771205 318 3 92 1
19771205 31 3 331 1
19771205 213 3 29 1
19771205 282 3 208 1
19771205 58 3 129 1
19771205 345 3 319 1
19771205 180 3 47 1
19771205 7 3 274 1
19771205 349 3 318 1
19771205 213 3 31 1
19771205 58 3 282 1
19771205 345 3 180 1
19771205 349 3 7 1
19771205 58 3 213 1
19771205 345 3 349 1
19771205 345 3 58 1
19771121 34 3 92 1
19771121 269 3 392 1
19771121 314 3 140 1
19771121 385 3 495 1
19771121 299 3 94 1
19771121 194 3 361 1
19771121 228 3 33 1
19771121 355 3 306 1
19771121 254 3 474 1
19771121 34 3 139 1
19771121 326 3 269 1
19771121 275 3 314 1
19771121 385 3 102 1
19771121 87 3 98 1
19771121 214 3 202 1
19771121 174 3 333 1
19771121 328 3 299 1
19771121 155 3 194 1
19771121 61 3 312 1
19771121 165 3 93 1
19771121 228 3 136 1
19771121 104 3 29 1
19771121 12 3 355 1
19771121 254 3 116 1
19771121 288 3 4 1
19771121 326 3 34 1
19771121 275 3 385 1
19771121 87 3 214 1
19771121 174 3 328 1
19771121 155 3 61 1
19771121 228 3 165 1
19771121 104 3 12 1
19771121 288 3 254 1
19771121 275 3 326 1
19771121 87 3 174 1
19771121 155 3 228 1
19771121 288 3 104 1
19771121 87 3 275 1
19771121 288 3 155 1
19771121 87 3 288 1
19770110 369 3 70 1
19770110 247 3 268 1
19770110 321 3 537 1
19770110 191 3 194 1
19770110 297 3 296 1
19770110 277 3 462 1
19770110 94 3 30 1
19770110 12 3 329 1
19770110 308 3 224 1
19770110 185 3 36 1
19770110 58 3 440 1
19770110 278 3 247 1
19770110 321 3 191 1
19770110 297 3 277 1
19770110 346 3 331 1
19770110 94 3 12 1
19770110 308 3 185 1
19770110 369 3 278 1
19770110 297 3 321 1
19770110 346 3 94 1
19770110 58 3 308 1
19770110 369 3 297 1
19770110 346 3 58 1
19770110 369 3 346 1
19770216 173 3 252 1
19770216 309 3 380 1
19770216 87 3 228 1
19770216 210 3 369 1
19770216 358 3 180 1
19770216 353 3 134 1
19770216 319 3 64 1
19770216 81 3 71 1
19770216 173 3 309 1
19770216 87 3 210 1
19770216 353 3 358 1
19770216 81 3 319 1
19770216 173 3 87 1
19770216 81 3 353 1
19770216 81 3 173 1
19770328 34 3 175 1
19770328 260 3 269 1
19770328 24 3 78 1
19770328 132 3 148 1
19770328 294 3 248 1
19770328 368 3 364 1
19770328 164 3 375 1
19770328 59 3 278 1
19770328 165 3 17 1
19770328 214 3 297 1
19770328 22 3 206 1
19770328 130 3 138 1
19770328 91 3 257 1
19770328 45 3 58 1
19770328 127 3 264 1
19770328 34 3 260 1
19770328 24 3 132 1
19770328 99 3 294 1
19770328 368 3 164 1
19770328 59 3 165 1
19770328 22 3 214 1
19770328 130 3 91 1
19770328 127 3 45 1
19770328 34 3 24 1
19770328 368 3 99 1
19770328 22 3 59 1
19770328 127 3 130 1
19770328 34 3 368 1
19770328 127 3 22 1
19770328 34 3 127 1
19770314 34 3 129 1
19770314 168 3 385 1
19770314 349 3 108 1
19770314 66 3 331 1
19770314 192 3 343 1
19770314 229 3 291 1
19770314 153 3 54 1
19770314 301 3 14 1
19770314 328 3 104 1
19770314 367 3 346 1
19770314 112 3 245 1
19770314 41 3 319 1
19770314 40 3 384 1
19770314 323 3 233 1
19770314 324 3 212 1
19770314 288 3 135 1
19770314 168 3 34 1
19770314 349 3 66 1
19770314 192 3 229 1
19770314 301 3 153 1
19770314 328 3 367 1
19770314 41 3 112 1
19770314 323 3 40 1
19770314 288 3 324 1
19770314 349 3 168 1
19770314 301 3 192 1
19770314 41 3 328 1
19770314 288 3 323 1
19770314 301 3 349 1
19770314 41 3 288 1
19770314 41 3 301 1
19770404 210 3 52 1
19770404 108 3 106 1
19770404 42 3 104 1
19770404 14 3 282 1
19770404 66 3 295 1
19770404 32 3 326 1
19770404 37 3 275 1
19770404 31 3 12 1
19770404 210 3 108 1
19770404 42 3 14 1
19770404 66 3 32 1
19770404 31 3 37 1
19770404 42 3 210 1
19770404 31 3 66 1
19770404 42 3 31 1
19770308 328 3 7 1
19770308 197 3 241 1
19770308 240 3 42 1
19770308 350 3 332 1
19770308 153 3 368 1
19770308 334 3 355 1
19770308 168 3 245 1
19770308 184 3 49 1
19770308 385 3 324 1
19770308 100 3 129 1
19770308 323 3 137 1
19770308 157 3 415 1
19770308 372 3 135 1
19770308 350 3 332 1
19770308 40 3 33 1
19770308 328 3 197 1
19770308 350 3 40 1
19770308 153 3 334 1
19770308 385 3 184 1
19770308 323 3 100 1
19770308 372 3 157 1
19770308 350 3 40 1
19770308 328 3 350 1
19770308 168 3 153 1
19770308 323 3 385 1
19770308 350 3 372 1
19770308 328 3 168 1
19770308 323 3 350 1
19770308 323 3 328 1
19770314 134 3 81 1
19770314 64 3 1 1
19770314 180 3 48 1
19770314 125 3 31 1
19770314 144 3 292 1
19770314 210 3 32 1
19770314 28 3 20 1
19770314 173 3 369 1
19770314 134 3 64 1
19770314 180 3 125 1
19770314 144 3 210 1
19770314 173 3 28 1
19770314 180 3 134 1
19770314 173 3 144 1
19770314 173 3 180 1
19771003 173 3 47 1
19771003 207 3 292 1
19771003 275 3 345 1
19771003 134 3 129 1
19771003 288 3 233 1
19771003 28 3 349 1
19771003 340 3 54 1
19771003 323 3 48 1
19771003 67 3 301 1
19771003 187 3 346 1
19771003 85 3 193 1
19771003 369 3 81 1
19771003 328 3 190 1
19771003 32 3 331 1
19771003 345 3 326 1
19771003 41 3 324 1
19771003 173 3 207 1
19771003 134 3 275 1
19771003 288 3 28 1
19771003 323 3 340 1
19771003 187 3 67 1
19771003 85 3 369 1
19771003 328 3 32 1
19771003 41 3 345 1
19771003 173 3 134 1
19771003 288 3 323 1
19771003 187 3 85 1
19771003 41 3 328 1
19771003 173 3 288 1
19771003 41 3 187 1
19771003 173 3 41 1
19770613 257 3 219 1
19770613 130 3 148 1
19770613 132 3 193 1
19770613 207 3 100 1
19770613 368 3 361 1
19770613 298 3 68 1
19770613 133 3 164 1
19770613 99 3 102 1
19770613 175 3 24 1
19770613 314 3 372 1
19770613 264 3 273 1
19770613 385 3 16 1
19770613 163 3 294 1
19770613 332 3 8 1
19770613 262 3 375 1
19770613 197 3 364 1
19770613 257 3 130 1
19770613 207 3 132 1
19770613 368 3 298 1
19770613 99 3 133 1
19770613 175 3 314 1
19770613 264 3 385 1
19770613 332 3 163 1
19770613 197 3 262 1
19770613 257 3 207 1
19770613 368 3 99 1
19770613 175 3 264 1
19770613 332 3 197 1
19770613 257 3 368 1
19770613 175 3 332 1
19770613 257 3 175 1
19771031 225 3 233 1
19771031 205 3 78 1
19771031 129 3 227 1
19771031 67 3 324 1
19771031 207 3 84 1
19771031 175 3 124 1
19771031 192 3 211 1
19771031 213 3 128 1
19771031 208 3 375 1
19771031 164 3 346 1
19771031 340 3 297 1
19771031 10 3 7 1
19771031 291 3 321 1
19771031 372 3 81 1
19771031 225 3 47 1
19771031 331 3 205 1
19771031 245 3 129 1
19771031 67 3 549 1
19771031 134 3 259 1
19771031 207 3 147 1
19771031 175 3 110 1
19771031 328 3 192 1
19771031 31 3 345 1
19771031 213 3 252 1
19771031 298 3 208 1
19771031 318 3 164 1
19771031 345 3 340 1
19771031 10 3 349 1
19771031 206 3 291 1
19771031 372 3 35 1
19771031 225 3 331 1
19771031 67 3 245 1
19771031 134 3 207 1
19771031 328 3 175 1
19771031 213 3 31 1
19771031 318 3 298 1
19771031 345 3 10 1
19771031 372 3 206 1
19771031 225 3 67 1
19771031 134 3 328 1
19771031 213 3 318 1
19771031 345 3 372 1
19771031 225 3 134 1
19771031 213 3 345 1
19771031 225 3 213 1
19770314 228 3 85 1
19770314 269 3 236 1
19770314 138 3 487 1
19770314 122 3 30 1
19770314 254 3 510 1
19770314 184 3 73 1
19770314 132 3 57 1
19770314 186 3 259 1
19770314 187 3 333 1
19770314 214 3 339 1
19770314 175 3 308 1
19770314 297 3 102 1
19770314 33 3 59 1
19770314 155 3 372 1
19770314 228 3 269 1
19770314 138 3 122 1
19770314 254 3 184 1
19770314 186 3 132 1
19770314 187 3 503 1
19770314 214 3 175 1
19770314 297 3 33 1
19770314 174 3 155 1
19770314 228 3 138 1
19770314 254 3 186 1
19770314 214 3 187 1
19770314 174 3 297 1
19770314 228 3 254 1
19770314 214 3 174 1
19770314 228 3 214 1
19770816 288 3 8 1
19770816 187 3 32 1
19770816 67 3 157 1
19770816 189 3 375 1
19770816 30 3 84 1
19770816 376 3 206 1
19770816 180 3 524 1
19770816 46 3 228 1
19770816 294 3 260 1
19770816 37 3 39 1
19770816 155 3 40 1
19770816 168 3 104 1
19770816 100 3 9 1
19770816 368 3 369 1
19770816 69 3 42 1
19770816 282 3 85 1
19770816 297 3 163 1
19770816 326 3 77 1
19770816 148 3 385 1
19770816 45 3 73 1
19770816 12 3 147 1
19770816 324 3 472 1
19770816 380 3 208 1
19770816 151 3 71 1
19770816 262 3 112 1
19770816 14 3 246 1
19770816 31 3 264 1
19770816 16 3 132 1
19770816 129 3 28 1
19770816 287 3 333 1
19770816 225 3 130 1
19770816 288 3 170 1
19770816 67 3 187 1
19770816 189 3 30 1
19770816 180 3 376 1
19770816 294 3 46 1
19770816 37 3 155 1
19770816 168 3 100 1
19770816 368 3 69 1
19770816 282 3 297 1
19770816 148 3 326 1
19770816 45 3 12 1
19770816 380 3 324 1
19770816 151 3 262 1
19770816 14 3 31 1
19770816 129 3 16 1
19770816 225 3 287 1
19770816 67 3 288 1
19770816 180 3 189 1
19770816 294 3 37 1
19770816 168 3 368 1
19770816 282 3 148 1
19770816 45 3 380 1
19770816 151 3 14 1
19770816 225 3 129 1
19770816 180 3 67 1
19770816 168 3 294 1
19770816 282 3 45 1
19770816 151 3 225 1
19770816 168 3 180 1
19770816 151 3 282 1
19770816 168 3 151 1
19771114 34 3 184 1
19771114 14 3 54 1
19771114 292 3 275 1
19771114 254 3 134 1
19771114 87 3 155 1
19771114 32 3 312 1
19771114 369 3 209 1
19771114 380 3 48 1
19771114 301 3 328 1
19771114 353 3 93 1
19771114 45 3 326 1
19771114 288 3 73 1
19771114 228 3 28 1
19771114 187 3 299 1
19771114 42 3 104 1
19771114 41 3 168 1
19771114 34 3 14 1
19771114 292 3 254 1
19771114 87 3 32 1
19771114 380 3 369 1
19771114 353 3 301 1
19771114 288 3 45 1
19771114 187 3 228 1
19771114 41 3 42 1
19771114 34 3 292 1
19771114 87 3 380 1
19771114 288 3 353 1
19771114 187 3 41 1
19771114 34 3 87 1
19771114 187 3 288 1
19771114 34 3 187 1
19770419 353 3 81 1
19770419 69 3 369 1
19770419 1 3 346 1
19770419 64 3 32 1
19770419 180 3 210 1
19770419 134 3 319 1
19770419 358 3 473 1
19770419 87 3 14 1
19770419 69 3 353 1
19770419 1 3 64 1
19770419 180 3 134 1
19770419 87 3 358 1
19770419 69 3 1 1
19770419 87 3 180 1
19770419 69 3 87 1
19770917 144 3 31 1
19770917 210 3 380 1
19770917 87 3 64 1
19770917 369 3 1 1
19770917 81 3 180 1
19770917 173 3 66 1
19770917 282 3 252 1
19770917 134 3 228 1
19770917 210 3 144 1
19770917 87 3 369 1
19770917 81 3 173 1
19770917 134 3 282 1
19770917 210 3 87 1
19770917 134 3 81 1
19770917 134 3 210 1
19770523 144 3 219 1
19770523 350 3 307 1
19770523 195 3 202 1
19770523 208 3 170 1
19770523 275 3 324 1
19770523 152 3 108 1
19770523 157 3 321 1
19770523 155 3 206 1
19770523 372 3 151 1
19770523 260 3 367 1
19770523 350 3 307 1
19770523 343 3 368 1
19770523 59 3 35 1
19770523 91 3 137 1
19770523 361 3 118 1
19770523 41 3 148 1
19770523 87 3 232 1
19770523 314 3 270 1
19770523 89 3 375 1
19770523 40 3 553 1
19770523 189 3 10 1
19770523 282 3 248 1
19770523 23 3 262 1
19770523 22 3 246 1
19770523 130 3 69 1
19770523 164 3 341 1
19770523 61 3 80 1
19770523 197 3 67 1
19770523 273 3 187 1
19770523 31 3 57 1
19770523 14 3 245 1
19770523 134 3 184 1
19770523 16 3 355 1
19770523 313 3 165 1
19770523 269 3 159 1
19770523 42 3 8 1
19770523 58 3 295 1
19770523 147 3 153 1
19770523 229 3 332 1
19770523 380 3 326 1
19770523 328 3 78 1
19770523 207 3 104 1
19770523 83 3 243 1
19770523 175 3 252 1
19770523 28 3 259 1
19770523 68 3 138 1
19770523 24 3 287 1
19770523 127 3 385 1
19770523 288 3 114 1
19770523 168 3 37 1
19770523 364 3 74 1
19770523 48 3 192 1
19770523 17 3 376 1
19770523 193 3 200 1
19770523 99 3 100 1
19770523 264 3 301 1
19770523 45 3 163 1
19770523 257 3 294 1
19770523 132 3 297 1
19770523 213 3 60 1
19770523 268 3 214 1
19770523 204 3 32 1
19770523 1 3 506 1
19770523 144 3 350 1
19770523 208 3 195 1
19770523 152 3 275 1
19770523 155 3 157 1
19770523 260 3 372 1
19770523 350 3 343 1
19770523 91 3 59 1
19770523 41 3 361 1
19770523 314 3 87 1
19770523 40 3 89 1
19770523 282 3 189 1
19770523 22 3 23 1
19770523 130 3 164 1
19770523 197 3 61 1
19770523 273 3 31 1
19770523 134 3 14 1
19770523 313 3 16 1
19770523 269 3 42 1
19770523 58 3 147 1
19770523 380 3 229 1
19770523 328 3 207 1
19770523 175 3 83 1
19770523 28 3 68 1
19770523 127 3 24 1
19770523 288 3 168 1
19770523 364 3 48 1
19770523 17 3 102 1
19770523 193 3 99 1
19770523 45 3 264 1
19770523 257 3 132 1
19770523 268 3 213 1
19770523 1 3 204 1
19770523 144 3 208 1
19770523 155 3 152 1
19770523 260 3 350 1
19770523 41 3 91 1
19770523 40 3 314 1
19770523 282 3 22 1
19770523 197 3 130 1
19770523 134 3 273 1
19770523 313 3 269 1
19770523 380 3 58 1
19770523 328 3 175 1
19770523 127 3 28 1
19770523 288 3 364 1
19770523 193 3 17 1
19770523 45 3 257 1
19770523 1 3 268 1
19770523 144 3 155 1
19770523 41 3 260 1
19770523 282 3 40 1
19770523 197 3 134 1
19770523 380 3 313 1
19770523 127 3 328 1
19770523 288 3 193 1
19770523 1 3 45 1
19770523 41 3 144 1
19770523 282 3 197 1
19770523 127 3 380 1
19770523 288 3 1 1
19770523 41 3 282 1
19770523 127 3 288 1
19770523 127 3 41 1
19771010 371 3 192 1
19771010 238 3 297 1
19771010 70 3 227 1
19771010 245 3 78 1
19771010 31 3 40 1
19771010 291 3 321 1
19771010 308 3 346 1
19771010 129 3 229 1
19771010 213 3 110 1
19771010 47 3 7 1
19771010 319 3 53 1
19771010 358 3 334 1
19771010 207 3 10 1
19771010 267 3 324 1
19771010 280 3 519 1
19771010 210 3 440 1
19771010 371 3 238 1
19771010 245 3 70 1
19771010 31 3 291 1
19771010 129 3 308 1
19771010 213 3 47 1
19771010 358 3 319 1
19771010 207 3 267 1
19771010 210 3 280 1
19771010 371 3 245 1
19771010 129 3 31 1
19771010 358 3 213 1
19771010 210 3 207 1
19771010 371 3 129 1
19771010 358 3 210 1
19771010 371 3 358 1
19770418 34 3 108 1
19770418 233 3 350 1
19770418 328 3 229 1
19770418 275 3 187 1
19770418 288 3 252 1
19770418 213 3 110 1
19770418 168 3 267 1
19770418 37 3 326 1
19770418 104 3 137 1
19770418 170 3 151 1
19770418 67 3 28 1
19770418 48 3 318 1
19770418 106 3 42 1
19770418 254 3 282 1
19770418 340 3 216 1
19770418 41 3 331 1
19770418 34 3 233 1
19770418 275 3 328 1
19770418 213 3 288 1
19770418 37 3 168 1
19770418 170 3 104 1
19770418 67 3 48 1
19770418 106 3 254 1
19770418 41 3 340 1
19770418 34 3 275 1
19770418 37 3 213 1
19770418 170 3 67 1
19770418 41 3 106 1
19770418 34 3 37 1
19770418 41 3 170 1
19770418 34 3 41 1
19770228 371 3 210 1
19770228 225 3 32 1
19770228 288 3 319 1
19770228 31 3 304 1
19770228 134 3 180 1
19770228 380 3 108 1
19770228 87 3 309 1
19770228 371 3 225 1
19770228 64 3 288 1
19770228 31 3 134 1
19770228 380 3 87 1
19770228 371 3 64 1
19770228 380 3 31 1
19770228 380 3 371 1
19770620 173 3 297 1
19770620 233 3 58 1
19770620 64 3 168 1
19770620 241 3 174 1
19770620 321 3 31 1
19770620 252 3 46 1
19770620 54 3 42 1
19770620 328 3 78 1
19770620 301 3 28 1
19770620 76 3 361 1
19770620 73 3 295 1
19770620 213 3 110 1
19770620 267 3 170 1
19770620 85 3 100 1
19770620 48 3 67 1
19770620 41 3 287 1
19770620 187 3 318 1
19770620 208 3 37 1
19770620 68 3 184 1
19770620 189 3 147 1
19770620 47 3 188 1
19770620 195 3 325 1
19770620 323 3 77 1
19770620 1 3 93 1
19770620 282 3 30 1
19770620 12 3 199 1
19770620 292 3 391 1
19770620 219 3 315 1
19770620 40 3 367 1
19770620 35 3 243 1
19770620 350 3 144 1
19770620 288 3 275 1
19770620 371 3 349 1
19770620 108 3 185 1
19770620 194 3 376 1
19770620 137 3 125 1
19770620 130 3 24 1
19770620 104 3 245 1
19770620 309 3 534 1
19770620 81 3 307 1
19770620 228 3 317 1
19770620 80 3 10 1
19770620 260 3 324 1
19770620 32 3 74 1
19770620 291 3 312 1
19770620 193 3 8 1
19770620 127 3 155 1
19770620 144 3 350 1
19770620 14 3 89 1
19770620 88 3 65 1
19770620 259 3 355 1
19770620 57 3 299 1
19770620 7 3 49 1
19770620 353 3 319 1
19770620 331 3 134 1
19770620 380 3 151 1
19770620 157 3 171 1
19770620 106 3 207 1
19770620 45 3 153 1
19770620 248 3 129 1
19770620 369 3 326 1
19770620 229 3 238 1
19770620 34 3 17 1
19770620 173 3 233 1
19770620 64 3 241 1
19770620 252 3 321 1
19770620 328 3 54 1
19770620 301 3 76 1
19770620 213 3 73 1
19770620 267 3 85 1
19770620 48 3 41 1
19770620 208 3 187 1
19770620 189 3 68 1
19770620 195 3 47 1
19770620 323 3 1 1
19770620 282 3 12 1
19770620 292 3 219 1
19770620 40 3 35 1
19770620 350 3 288 1
19770620 371 3 108 1
19770620 194 3 137 1
19770620 104 3 130 1
19770620 81 3 309 1
19770620 228 3 180 1
19770620 260 3 80 1
19770620 32 3 291 1
19770620 127 3 193 1
19770620 144 3 14 1
19770620 88 3 259 1
19770620 7 3 57 1
19770620 353 3 331 1
19770620 380 3 157 1
19770620 45 3 106 1
19770620 248 3 369 1
19770620 34 3 229 1
19770620 173 3 64 1
19770620 328 3 252 1
19770620 213 3 301 1
19770620 48 3 267 1
19770620 189 3 208 1
19770620 323 3 195 1
19770620 282 3 292 1
19770620 350 3 40 1
19770620 371 3 194 1
19770620 81 3 104 1
19770620 228 3 260 1
19770620 32 3 127 1
19770620 144 3 88 1
19770620 353 3 7 1
19770620 380 3 45 1
19770620 34 3 248 1
19770620 173 3 328 1
19770620 48 3 213 1
19770620 189 3 323 1
19770620 282 3 350 1
19770620 371 3 81 1
19770620 32 3 228 1
19770620 144 3 353 1
19770620 34 3 380 1
19770620 173 3 48 1
19770620 189 3 282 1
19770620 371 3 32 1
19770620 34 3 144 1
19770620 173 3 189 1
19770620 34 3 371 1
19770620 34 3 173 1
19770411 99 3 16 1
19770411 206 3 4 1
19770411 100 3 59 1
19770411 259 3 24 1
19770411 260 3 368 1
19770411 17 3 262 1
19770411 165 3 479 1
19770411 130 3 148 1
19770411 197 3 164 1
19770411 163 3 312 1
19770411 215 3 26 1
19770411 267 3 287 1
19770411 264 3 78 1
19770411 99 3 206 1
19770411 100 3 259 1
19770411 260 3 297 1
19770411 165 3 17 1
19770411 197 3 130 1
19770411 163 3 215 1
19770411 264 3 267 1
19770411 100 3 99 1
19770411 45 3 260 1
19770411 197 3 165 1
19770411 163 3 264 1
19770411 45 3 100 1
19770411 197 3 163 1
19770411 197 3 45 1
19770919 41 3 346 1
19770919 275 3 350 1
19770919 180 3 48 1
19770919 361 3 369 1
19770919 349 3 81 1
19770919 324 3 54 1
19770919 47 3 381 1
19770919 207 3 153 1
19770919 87 3 185 1
19770919 233 3 298 1
19770919 252 3 323 1
19770919 32 3 331 1
19770919 328 3 240 1
19770919 193 3 124 1
19770919 64 3 157 1
19770919 229 3 170 1
19770919 88 3 28 1
19770919 189 3 106 1
19770919 112 3 321 1
19770919 120 3 192 1
19770919 14 3 129 1
19770919 67 3 267 1
19770919 187 3 85 1
19770919 288 3 80 1
19770919 352 3 332 1
19770919 168 3 448 1
19770919 42 3 44 1
19770919 318 3 186 1
19770919 366 3 110 1
19770919 292 3 465 1
19770919 3 3 325 1
19770919 225 3 340 1
19770919 41 3 275 1
19770919 180 3 361 1
19770919 324 3 349 1
19770919 47 3 207 1
19770919 87 3 233 1
19770919 32 3 252 1
19770919 328 3 193 1
19770919 64 3 229 1
19770919 88 3 189 1
19770919 112 3 120 1
19770919 67 3 14 1
19770919 288 3 187 1
19770919 352 3 168 1
19770919 318 3 42 1
19770919 366 3 292 1
19770919 225 3 3 1
19770919 41 3 180 1
19770919 324 3 47 1
19770919 87 3 32 1
19770919 64 3 328 1
19770919 88 3 112 1
19770919 288 3 67 1
19770919 352 3 318 1
19770919 225 3 366 1
19770919 41 3 324 1
19770919 87 3 64 1
19770919 288 3 88 1
19770919 225 3 352 1
19770919 41 3 87 1
19770919 288 3 225 1
19770919 288 3 41 1
19770613 173 3 214 1
19770613 184 3 104 1
19770613 292 3 151 1
19770613 170 3 324 1
19770613 288 3 307 1
19770613 350 3 14 1
19770613 81 3 78 1
19770613 32 3 259 1
19770613 41 3 12 1
19770613 195 3 309 1
19770613 301 3 349 1
19770613 355 3 37 1
19770613 1 3 28 1
19770613 326 3 190 1
19770613 213 3 66 1
19770613 73 3 376 1
19770613 110 3 229 1
19770613 48 3 31 1
19770613 282 3 252 1
19770613 318 3 238 1
19770613 129 3 233 1
19770613 328 3 108 1
19770613 367 3 245 1
19770613 144 3 106 1
19770613 40 3 291 1
19770613 180 3 275 1
19770613 42 3 85 1
19770613 67 3 134 1
19770613 312 3 176 1
19770613 228 3 168 1
19770613 319 3 159 1
19770613 127 3 77 1
19770613 184 3 173 1
19770613 170 3 292 1
19770613 288 3 350 1
19770613 81 3 32 1
19770613 41 3 195 1
19770613 301 3 355 1
19770613 1 3 326 1
19770613 213 3 73 1
19770613 48 3 110 1
19770613 318 3 282 1
19770613 129 3 328 1
19770613 144 3 367 1
19770613 40 3 180 1
19770613 67 3 42 1
19770613 228 3 312 1
19770613 319 3 127 1
19770613 170 3 184 1
19770613 288 3 81 1
19770613 41 3 301 1
19770613 1 3 213 1
19770613 318 3 48 1
19770613 129 3 144 1
19770613 67 3 40 1
19770613 228 3 319 1
19770613 288 3 170 1
19770613 41 3 1 1
19770613 129 3 318 1
19770613 228 3 67 1
19770613 288 3 41 1
19770613 228 3 129 1
19770613 288 3 228 1
19770418 78 3 195 1
19770418 157 3 370 1
19770418 24 3 234 1
19770418 287 3 456 1
19770418 184 3 17 1
19770418 118 3 193 1
19770418 130 3 164 1
19770418 148 3 262 1
19770418 58 3 60 1
19770418 264 3 259 1
19770418 368 3 317 1
19770418 165 3 16 1
19770418 297 3 314 1
19770418 206 3 329 1
19770418 257 3 74 1
19770418 78 3 157 1
19770418 24 3 287 1
19770418 184 3 118 1
19770418 130 3 148 1
19770418 58 3 264 1
19770418 368 3 163 1
19770418 297 3 165 1
19770418 257 3 206 1
19770418 78 3 24 1
19770418 184 3 130 1
19770418 368 3 58 1
19770418 257 3 297 1
19770418 184 3 78 1
19770418 257 3 368 1
19770418 257 3 184 1
19770712 197 3 9 1
19770712 364 3 114 1
19770712 297 3 16 1
19770712 67 3 141 1
19770712 188 3 22 1
19770712 264 3 187 1
19770712 207 3 91 1
19770712 213 3 8 1
19770712 99 3 74 1
19770712 24 3 165 1
19770712 219 3 118 1
19770712 164 3 292 1
19770712 229 3 23 1
19770712 252 3 315 1
19770712 246 3 102 1
19770712 220 3 368 1
19770712 197 3 364 1
19770712 67 3 297 1
19770712 264 3 188 1
19770712 213 3 207 1
19770712 99 3 24 1
19770712 219 3 164 1
19770712 252 3 229 1
19770712 220 3 246 1
19770712 67 3 197 1
19770712 264 3 213 1
19770712 219 3 99 1
19770712 252 3 220 1
19770712 264 3 67 1
19770712 219 3 252 1
19770712 264 3 219 1
19770703 380 3 187 1
19770703 193 3 220 1
19770703 22 3 219 1
19770703 48 3 188 1
19770703 17 3 118 1
19770703 23 3 157 1
19770703 45 3 503 1
19770703 267 3 536 1
19770703 8 3 450 1
19770703 229 3 287 1
19770703 163 3 33 1
19770703 213 3 257 1
19770703 99 3 165 1
19770703 246 3 197 1
19770703 132 3 9 1
19770703 69 3 314 1
19770703 380 3 193 1
19770703 22 3 48 1
19770703 17 3 23 1
19770703 45 3 267 1
19770703 229 3 8 1
19770703 213 3 163 1
19770703 246 3 99 1
19770703 69 3 132 1
19770703 22 3 380 1
19770703 17 3 45 1
19770703 213 3 229 1
19770703 69 3 246 1
19770703 22 3 17 1
19770703 69 3 213 1
19770703 69 3 22 1
19770711 127 3 10 1
19770711 287 3 149 1
19770711 45 3 58 1
19770711 312 3 274 1
19770711 301 3 376 1
19770711 372 3 375 1
19770711 385 3 77 1
19770711 175 3 313 1
19770711 68 3 269 1
19770711 155 3 174 1
19770711 88 3 59 1
19770711 161 3 308 1
19770711 248 3 65 1
19770711 208 3 163 1
19770711 355 3 132 1
19770711 225 3 267 1
19770711 127 3 287 1
19770711 45 3 312 1
19770711 301 3 372 1
19770711 385 3 175 1
19770711 155 3 68 1
19770711 161 3 88 1
19770711 208 3 248 1
19770711 355 3 225 1
19770711 127 3 45 1
19770711 385 3 301 1
19770711 155 3 161 1
19770711 208 3 355 1
19770711 127 3 385 1
19770711 155 3 208 1
19770711 127 3 155 1
19771229 11 3 140 1
19771229 157 3 114 1
19771229 314 3 261 1
19771229 27 3 59 1
19771229 246 3 136 1
19771229 100 3 220 1
19771229 315 3 276 1
19771229 174 3 200 1
19771229 202 3 11 1
19771229 157 3 482 1
19771229 27 3 314 1
19771229 100 3 522 1
19771229 91 3 315 1
19771229 174 3 248 1
19771229 157 3 202 1
19771229 246 3 27 1
19771229 100 3 91 1
19771229 149 3 174 1
19771229 157 3 246 1
19771229 149 3 100 1
19771229 157 3 149 1
19770321 34 3 347 1
19770321 14 3 108 1
19770321 28 3 345 1
19770321 80 3 192 1
19770321 349 3 31 1
19770321 32 3 213 1
19770321 168 3 170 1
19770321 137 3 88 1
19770321 48 3 47 1
19770321 110 3 243 1
19770321 93 3 343 1
19770321 328 3 67 1
19770321 324 3 295 1
19770321 229 3 29 1
19770321 361 3 340 1
19770321 320 3 242 1
19770321 332 3 54 1
19770321 125 3 334 1
19770321 301 3 187 1
19770321 233 3 92 1
19770321 157 3 291 1
19770321 345 3 37 1
19770321 318 3 219 1
19770321 49 3 241 1
19770321 319 3 333 1
19770321 7 3 384 1
19770321 106 3 323 1
19770321 367 3 167 1
19770321 254 3 153 1
19770321 129 3 44 1
19770321 42 3 288 1
19770321 34 3 14 1
19770321 28 3 80 1
19770321 349 3 32 1
19770321 168 3 137 1
19770321 41 3 48 1
19770321 93 3 110 1
19770321 328 3 324 1
19770321 361 3 229 1
19770321 320 3 332 1
19770321 301 3 125 1
19770321 233 3 157 1
19770321 345 3 318 1
19770321 49 3 319 1
19770321 7 3 106 1
19770321 367 3 254 1
19770321 129 3 42 1
19770321 34 3 28 1
19770321 349 3 168 1
19770321 41 3 93 1
19770321 361 3 328 1
19770321 320 3 301 1
19770321 233 3 345 1
19770321 7 3 49 1
19770321 129 3 367 1
19770321 34 3 349 1
19770321 41 3 361 1
19770321 233 3 320 1
19770321 129 3 7 1
19770321 41 3 34 1
19770321 233 3 129 1
19770321 41 3 233 1
19770703 155 3 24 1
19770703 164 3 341 1
19770703 207 3 110 1
19770703 68 3 297 1
19770703 368 3 49 1
19770703 67 3 175 1
19770703 100 3 59 1
19770703 60 3 237 1
19770703 74 3 37 1
19770703 364 3 312 1
19770703 168 3 376 1
19770703 355 3 136 1
19770703 260 3 208 1
19770703 77 3 88 1
19770703 385 3 248 1
19770703 164 3 155 1
19770703 207 3 68 1
19770703 368 3 264 1
19770703 100 3 67 1
19770703 74 3 60 1
19770703 168 3 364 1
19770703 355 3 260 1
19770703 385 3 77 1
19770703 164 3 207 1
19770703 100 3 368 1
19770703 168 3 74 1
19770703 355 3 385 1
19770703 164 3 100 1
19770703 168 3 355 1
19770703 168 3 164 1
19770221 243 3 368 1
19770221 319 3 175 1
19770221 291 3 180 1
19770221 31 3 197 1
19770221 81 3 294 1
19770221 28 3 299 1
19770221 282 3 228 1
19770221 252 3 129 1
19770221 318 3 186 1
19770221 208 3 170 1
19770221 369 3 67 1
19770221 54 3 22 1
19770221 41 3 48 1
19770221 309 3 135 1
19770221 301 3 74 1
19770221 110 3 187 1
19770221 254 3 76 1
19770221 151 3 292 1
19770221 5 3 384 1
19770221 134 3 14 1
19770221 355 3 367 1
19770221 32 3 64 1
19770221 332 3 315 1
19770221 127 3 233 1
19770221 275 3 219 1
19770221 328 3 349 1
19770221 42 3 364 1
19770221 106 3 380 1
19770221 88 3 104 1
19770221 66 3 108 1
19770221 213 3 334 1
19770221 288 3 47 1
19770221 319 3 243 1
19770221 31 3 291 1
19770221 28 3 81 1
19770221 282 3 252 1
19770221 318 3 208 1
19770221 54 3 369 1
19770221 41 3 309 1
19770221 301 3 110 1
19770221 151 3 254 1
19770221 134 3 5 1
19770221 32 3 355 1
19770221 127 3 332 1
19770221 275 3 328 1
19770221 106 3 42 1
19770221 88 3 66 1
19770221 288 3 213 1
19770221 31 3 319 1
19770221 282 3 28 1
19770221 54 3 318 1
19770221 41 3 301 1
19770221 134 3 151 1
19770221 127 3 32 1
19770221 106 3 275 1
19770221 288 3 88 1
19770221 31 3 282 1
19770221 41 3 54 1
19770221 127 3 134 1
19770221 288 3 106 1
19770221 41 3 31 1
19770221 127 3 288 1
19770221 41 3 127 1
19770414 294 3 219 1
19770414 66 3 50 1
19770414 257 3 145 1
19770414 294 3 22 1
19770414 380 3 66 1
19770414 127 3 257 1
19770414 380 3 294 1
19770414 127 3 380 1
19771025 34 3 139 1
19771025 54 3 23 1
19771025 136 3 364 1
19771025 292 3 186 1
19771025 168 3 361 1
19771025 32 3 417 1
19771025 198 3 104 1
19771025 93 3 257 1
19771025 112 3 45 1
19771025 9 3 237 1
19771025 184 3 299 1
19771025 151 3 24 1
19771025 230 3 17 1
19771025 187 3 326 1
19771025 14 3 243 1
19771025 228 3 248 1
19771025 34 3 54 1
19771025 136 3 292 1
19771025 168 3 32 1
19771025 93 3 198 1
19771025 9 3 112 1
19771025 151 3 184 1
19771025 187 3 230 1
19771025 228 3 14 1
19771025 34 3 136 1
19771025 93 3 168 1
19771025 151 3 9 1
19771025 187 3 228 1
19771025 34 3 93 1
19771025 187 3 151 1
19771025 34 3 187 1
19771024 173 3 324 1
19771024 297 3 207 1
19771024 110 3 208 1
19771024 213 3 47 1
19771024 282 3 405 1
19771024 346 3 40 1
19771024 291 3 321 1
19771024 129 3 78 1
19771024 358 3 308 1
19771024 245 3 7 1
19771024 319 3 57 1
19771024 134 3 192 1
19771024 31 3 39 1
19771024 175 3 259 1
19771024 227 3 229 1
19771024 371 3 238 1
19771024 297 3 173 1
19771024 110 3 213 1
19771024 346 3 282 1
19771024 129 3 291 1
19771024 358 3 245 1
19771024 134 3 319 1
19771024 175 3 31 1
19771024 371 3 227 1
19771024 110 3 297 1
19771024 129 3 346 1
19771024 358 3 134 1
19771024 371 3 175 1
19771024 110 3 129 1
19771024 371 3 358 1
19771024 371 3 110 1
19771017 34 3 286 1
19771017 200 3 246 1
19771017 368 3 182 1
19771017 132 3 33 1
19771017 197 3 152 1
19771017 269 3 384 1
19771017 106 3 299 1
19771017 361 3 24 1
19771017 87 3 268 1
19771017 15 3 313 1
19771017 116 3 209 1
19771017 295 3 23 1
19771017 257 3 159 1
19771017 140 3 521 1
19771017 155 3 273 1
19771017 137 3 139 1
19771017 4 3 157 1
19771017 385 3 112 1
19771017 163 3 184 1
19771017 22 3 9 1
19771017 364 3 186 1
19771017 130 3 458 1
19771017 97 3 287 1
19771017 380 3 381 1
19771017 174 3 314 1
19771017 98 3 85 1
19771017 151 3 16 1
19771017 306 3 102 1
19771017 237 3 298 1
19771017 61 3 355 1
19771017 225 3 488 1
19771017 34 3 200 1
19771017 368 3 132 1
19771017 197 3 269 1
19771017 106 3 361 1
19771017 87 3 15 1
19771017 116 3 295 1
19771017 257 3 140 1
19771017 155 3 137 1
19771017 4 3 385 1
19771017 22 3 163 1
19771017 364 3 130 1
19771017 380 3 97 1
19771017 174 3 17 1
19771017 151 3 98 1
19771017 306 3 237 1
19771017 225 3 61 1
19771017 34 3 368 1
19771017 197 3 106 1
19771017 87 3 116 1
19771017 257 3 155 1
19771017 22 3 4 1
19771017 380 3 364 1
19771017 174 3 151 1
19771017 225 3 306 1
19771017 34 3 197 1
19771017 87 3 257 1
19771017 380 3 22 1
19771017 225 3 174 1
19771017 34 3 87 1
19771017 225 3 380 1
19771017 34 3 225 1
19770926 41 3 514 1
19770926 28 3 235 1
19770926 129 3 95 1
19770926 186 3 85 1
19770926 282 3 124 1
19770926 233 3 461 1
19770926 323 3 219 1
19770926 137 3 421 1
19770926 81 3 35 1
19770926 366 3 88 1
19770926 56 3 110 1
19770926 369 3 93 1
19770926 328 3 245 1
19770926 44 3 324 1
19770926 301 3 299 1
19770926 345 3 225 1
19770926 332 3 192 1
19770926 67 3 340 1
19770926 207 3 187 1
19770926 134 3 193 1
19770926 275 3 227 1
19770926 349 3 168 1
19770926 14 3 54 1
19770926 288 3 465 1
19770926 331 3 346 1
19770926 292 3 42 1
19770926 104 3 48 1
19770926 47 3 180 1
19770926 66 3 240 1
19770926 189 3 326 1
19770926 170 3 252 1
19770926 225 3 345 1
19770926 41 3 28 1
19770926 129 3 186 1
19770926 233 3 282 1
19770926 323 3 137 1
19770926 81 3 366 1
19770926 369 3 56 1
19770926 328 3 44 1
19770926 301 3 345 1
19770926 332 3 67 1
19770926 134 3 207 1
19770926 275 3 349 1
19770926 288 3 14 1
19770926 331 3 292 1
19770926 47 3 104 1
19770926 189 3 66 1
19770926 225 3 170 1
19770926 41 3 129 1
19770926 233 3 323 1
19770926 81 3 369 1
19770926 301 3 328 1
19770926 134 3 332 1
19770926 275 3 288 1
19770926 47 3 331 1
19770926 189 3 225 1
19770926 41 3 233 1
19770926 81 3 301 1
19770926 275 3 134 1
19770926 47 3 189 1
19770926 41 3 81 1
19770926 47 3 275 1
19770926 47 3 41 1
19771017 173 3 39 1
19771017 65 3 7 1
19771017 110 3 321 1
19771017 358 3 78 1
19771017 67 3 134 1
19771017 297 3 291 1
19771017 245 3 207 1
19771017 319 3 213 1
19771017 31 3 267 1
19771017 129 3 35 1
19771017 346 3 229 1
19771017 210 3 208 1
19771017 282 3 334 1
19771017 190 3 332 1
19771017 220 3 175 1
19771017 371 3 40 1
19771017 173 3 65 1
19771017 358 3 110 1
19771017 67 3 297 1
19771017 245 3 319 1
19771017 129 3 31 1
19771017 210 3 346 1
19771017 282 3 190 1
19771017 371 3 220 1
19771017 173 3 358 1
19771017 245 3 67 1
19771017 210 3 129 1
19771017 371 3 282 1
19771017 173 3 245 1
19771017 210 3 371 1
19771017 173 3 210 1
19771128 127 3 252 1
19771128 170 3 145 1
19771128 275 3 64 1
19771128 328 3 391 1
19771128 113 3 496 1
19771128 292 3 168 1
19771128 28 3 228 1
19771128 106 3 243 1
19771128 376 3 151 1
19771128 45 3 268 1
19771128 66 3 242 1
19771128 48 3 301 1
19771128 87 3 37 1
19771128 127 3 170 1
19771128 275 3 14 1
19771128 328 3 113 1
19771128 326 3 28 1
19771128 106 3 376 1
19771128 45 3 66 1
19771128 87 3 48 1
19771128 127 3 275 1
19771128 106 3 326 1
19771128 45 3 87 1
19771128 127 3 328 1
19771128 45 3 106 1
19771128 127 3 45 1
19770510 173 3 1 1
19770510 87 3 144 1
19770510 371 3 380 1
19770510 81 3 64 1
19770510 173 3 87 1
19770510 81 3 371 1
19770510 173 3 81 1
19770328 241 3 343 1
19770328 254 3 153 1
19770328 66 3 48 1
19770328 233 3 40 1
19770328 167 3 219 1
19770328 187 3 28 1
19770328 106 3 243 1
19770328 326 3 367 1
19770328 168 3 42 1
19770328 361 3 104 1
19770328 240 3 340 1
19770328 328 3 349 1
19770328 54 3 92 1
19770328 67 3 324 1
19770328 93 3 229 1
19770328 288 3 49 1
19770328 41 3 241 1
19770328 254 3 44 1
19770328 66 3 170 1
19770328 213 3 233 1
19770328 318 3 167 1
19770328 37 3 187 1
19770328 301 3 106 1
19770328 110 3 326 1
19770328 168 3 108 1
19770328 323 3 361 1
19770328 240 3 291 1
19770328 328 3 32 1
19770328 275 3 54 1
19770328 67 3 151 1
19770328 93 3 47 1
19770328 288 3 7 1
19770328 41 3 254 1
19770328 66 3 213 1
19770328 318 3 37 1
19770328 301 3 110 1
19770328 168 3 323 1
19770328 328 3 240 1
19770328 275 3 67 1
19770328 288 3 93 1
19770328 41 3 66 1
19770328 318 3 301 1
19770328 328 3 168 1
19770328 275 3 288 1
19770328 41 3 318 1
19770328 328 3 275 1
19770328 328 3 41 1
19770711 318 3 29 1
19770711 340 3 193 1
19770711 44 3 20 1
19770711 28 3 361 1
19770711 240 3 48 1
19770711 209 3 38 1
19770711 357 3 140 1
19770711 180 3 384 1
19770711 134 3 98 1
19770711 195 3 381 1
19770711 62 3 192 1
19770711 129 3 497 1
19770711 37 3 235 1
19770711 46 3 42 1
19770711 186 3 262 1
19770711 66 3 167 1
19770711 366 3 40 1
19770711 216 3 514 1
19770711 137 3 20 1
19770711 147 3 275 1
19770711 78 3 333 1
19770711 231 3 324 1
19770711 112 3 342 1
19770711 228 3 212 1
19770711 282 3 30 1
19770711 346 3 295 1
19770711 189 3 347 1
19770711 14 3 345 1
19770711 345 3 182 1
19770711 298 3 84 1
19770711 184 3 89 1
19770711 108 3 87 1
19770711 340 3 318 1
19770711 28 3 44 1
19770711 209 3 240 1
19770711 180 3 357 1
19770711 134 3 195 1
19770711 129 3 62 1
19770711 37 3 46 1
19770711 186 3 66 1
19770711 366 3 216 1
19770711 147 3 137 1
19770711 78 3 231 1
19770711 228 3 112 1
19770711 282 3 346 1
19770711 189 3 14 1
19770711 298 3 345 1
19770711 108 3 184 1
19770711 340 3 28 1
19770711 180 3 209 1
19770711 134 3 129 1
19770711 186 3 37 1
19770711 147 3 366 1
19770711 228 3 78 1
19770711 189 3 282 1
19770711 298 3 108 1
19770711 180 3 340 1
19770711 134 3 186 1
19770711 228 3 147 1
19770711 298 3 189 1
19770711 134 3 180 1
19770711 228 3 298 1
19770711 134 3 228 1
19771106 41 3 539 1
19771106 314 3 193 1
19771106 307 3 106 1
19771106 323 3 355 1
19771106 48 3 464 1
19771106 361 3 93 1
19771106 186 3 511 1
19771106 134 3 326 1
19771106 209 3 87 1
19771106 112 3 299 1
19771106 339 3 450 1
19771106 22 3 442 1
19771106 155 3 29 1
19771106 85 3 243 1
19771106 32 3 503 1
19771106 328 3 536 1
19771106 214 3 168 1
19771106 23 3 126 1
19771106 165 3 102 1
19771106 98 3 301 1
19771106 292 3 187 1
19771106 269 3 254 1
19771106 312 3 184 1
19771106 228 3 28 1
19771106 380 3 33 1
19771106 362 3 157 1
19771106 12 3 92 1
19771106 353 3 104 1
19771106 14 3 275 1
19771106 42 3 218 1
19771106 54 3 174 1
19771106 288 3 415 1
19771106 41 3 314 1
19771106 323 3 307 1
19771106 361 3 48 1
19771106 134 3 186 1
19771106 112 3 209 1
19771106 339 3 22 1
19771106 155 3 85 1
19771106 328 3 32 1
19771106 214 3 23 1
19771106 165 3 98 1
19771106 292 3 269 1
19771106 312 3 228 1
19771106 380 3 362 1
19771106 353 3 12 1
19771106 42 3 14 1
19771106 288 3 54 1
19771106 323 3 41 1
19771106 134 3 361 1
19771106 112 3 339 1
19771106 328 3 155 1
19771106 214 3 165 1
19771106 292 3 312 1
19771106 380 3 353 1
19771106 42 3 288 1
19771106 323 3 134 1
19771106 328 3 112 1
19771106 292 3 214 1
19771106 380 3 42 1
19771106 323 3 328 1
19771106 292 3 380 1
19771106 323 3 292 1
19770117 127 3 275 1
19770117 350 3 104 1
19770117 319 3 71 1
19770117 5 3 332 1
19770117 349 3 380 1
19770117 135 3 28 1
19770117 292 3 170 1
19770117 312 3 372 1
19770117 32 3 168 1
19770117 108 3 353 1
19770117 14 3 361 1
19770117 155 3 31 1
19770117 48 3 145 1
19770117 45 3 47 1
19770117 323 3 338 1
19770117 41 3 340 1
19770117 127 3 350 1
19770117 319 3 5 1
19770117 349 3 135 1
19770117 312 3 292 1
19770117 32 3 108 1
19770117 155 3 14 1
19770117 45 3 48 1
19770117 41 3 323 1
19770117 127 3 319 1
19770117 349 3 312 1
19770117 155 3 32 1
19770117 41 3 45 1
19770117 127 3 349 1
19770117 41 3 155 1
19770117 41 3 127 1
19770112 173 3 45 1
19770112 64 3 353 1
19770112 323 3 343 1
19770112 87 3 225 1
19770112 371 3 134 1
19770112 292 3 32 1
19770112 31 3 108 1
19770112 144 3 380 1
19770112 173 3 64 1
19770112 87 3 323 1
19770112 292 3 371 1
19770112 31 3 144 1
19770112 173 3 87 1
19770112 31 3 292 1
19770112 173 3 31 1
19770419 371 3 260 1
19770419 22 3 31 1
19770419 291 3 66 1
19770419 127 3 47 1
19770419 144 3 367 1
19770419 292 3 12 1
19770419 189 3 54 1
19770419 301 3 145 1
19770419 371 3 22 1
19770419 127 3 291 1
19770419 144 3 292 1
19770419 189 3 301 1
19770419 127 3 371 1
19770419 144 3 189 1
19770419 127 3 144 1
19771107 127 3 294 1
19771107 268 3 137 1
19771107 287 3 451 1
19771107 368 3 215 1
19771107 253 3 408 1
19771107 16 3 114 1
19771107 130 3 108 1
19771107 242 3 89 1
19771107 8 3 30 1
19771107 91 3 195 1
19771107 197 3 50 1
19771107 264 3 432 1
19771107 49 3 163 1
19771107 145 3 151 1
19771107 127 3 268 1
19771107 287 3 44 1
19771107 368 3 253 1
19771107 130 3 16 1
19771107 242 3 8 1
19771107 197 3 91 1
19771107 49 3 145 1
19771107 127 3 287 1
19771107 368 3 130 1
19771107 197 3 242 1
19771107 49 3 264 1
19771107 127 3 368 1
19771107 197 3 49 1
19771107 127 3 197 1
19770214 294 3 206 1
19770214 345 3 208 1
19770214 32 3 384 1
19770214 314 3 233 1
19770214 175 3 291 1
19770214 28 3 187 1
19770214 331 3 195 1
19770214 349 3 340 1
19770214 14 3 267 1
19770214 323 3 254 1
19770214 110 3 355 1
19770214 282 3 93 1
19770214 320 3 365 1
19770214 168 3 22 1
19770214 170 3 48 1
19770214 318 3 197 1
19770214 345 3 294 1
19770214 32 3 314 1
19770214 175 3 28 1
19770214 331 3 349 1
19770214 323 3 14 1
19770214 282 3 110 1
19770214 320 3 168 1
19770214 318 3 170 1
19770214 32 3 345 1
19770214 175 3 331 1
19770214 323 3 282 1
19770214 320 3 318 1
19770214 175 3 32 1
19770214 323 3 320 1
19770214 175 3 323 1
19771031 41 3 281 1
19771031 42 3 352 1
19771031 243 3 505 1
19771031 301 3 28 1
19771031 228 3 114 1
19771031 312 3 165 1
19771031 284 3 92 1
19771031 264 3 257 1
19771031 62 3 23 1
19771031 254 3 157 1
19771031 187 3 292 1
19771031 69 3 61 1
19771031 168 3 85 1
19771031 299 3 91 1
19771031 218 3 116 1
19771031 48 3 288 1
19771031 41 3 42 1
19771031 301 3 243 1
19771031 228 3 312 1
19771031 284 3 264 1
19771031 62 3 254 1
19771031 69 3 187 1
19771031 168 3 299 1
19771031 48 3 218 1
19771031 41 3 301 1
19771031 228 3 284 1
19771031 69 3 62 1
19771031 168 3 48 1
19771031 41 3 228 1
19771031 69 3 168 1
19771031 69 3 41 1
19770328 144 3 353 1
19770328 369 3 210 1
19770328 319 3 358 1
19770328 87 3 1 1
19770328 371 3 228 1
19770328 380 3 155 1
19770328 134 3 180 1
19770328 81 3 292 1
19770328 369 3 144 1
19770328 87 3 319 1
19770328 371 3 380 1
19770328 81 3 134 1
19770328 87 3 369 1
19770328 371 3 81 1
19770328 87 3 371 1
19770704 78 3 226 1
19770704 186 3 84 1
19770704 346 3 29 1
19770704 350 3 184 1
19770704 275 3 546 1
19770704 147 3 266 1
19770704 30 3 153 1
19770704 235 3 42 1
19770704 184 3 350 1
19770704 46 3 400 1
19770704 243 3 137 1
19770704 129 3 89 1
19770704 189 3 112 1
19770704 12 3 324 1
19770704 14 3 195 1
19770704 40 3 44 1
19770704 186 3 78 1
19770704 350 3 346 1
19770704 147 3 275 1
19770704 235 3 30 1
19770704 46 3 184 1
19770704 129 3 243 1
19770704 12 3 189 1
19770704 14 3 40 1
19770704 350 3 186 1
19770704 147 3 235 1
19770704 129 3 46 1
19770704 14 3 12 1
19770704 350 3 147 1
19770704 129 3 14 1
19770704 350 3 129 1
19770718 127 3 216 1
19770718 366 3 153 1
19770718 235 3 227 1
19770718 368 3 345 1
19770718 385 3 361 1
19770718 129 3 147 1
19770718 294 3 28 1
19770718 46 3 267 1
19770718 42 3 288 1
19770718 37 3 8 1
19770718 48 3 89 1
19770718 130 3 167 1
19770718 40 3 88 1
19770718 340 3 104 1
19770718 108 3 74 1
19770718 87 3 326 1
19770718 134 3 189 1
19770718 44 3 219 1
19770718 186 3 195 1
19770718 282 3 100 1
19770718 180 3 240 1
19770718 367 3 139 1
19770718 295 3 376 1
19770718 318 3 80 1
19770718 384 3 328 1
19770718 346 3 184 1
19770718 292 3 12 1
19770718 193 3 66 1
19770718 78 3 77 1
19770718 345 3 84 1
19770718 148 3 112 1
19770718 41 3 466 1
19770718 127 3 366 1
19770718 368 3 235 1
19770718 129 3 385 1
19770718 294 3 46 1
19770718 37 3 42 1
19770718 130 3 48 1
19770718 340 3 40 1
19770718 87 3 108 1
19770718 134 3 44 1
19770718 282 3 186 1
19770718 180 3 367 1
19770718 318 3 295 1
19770718 346 3 384 1
19770718 292 3 193 1
19770718 78 3 345 1
19770718 41 3 148 1
19770718 127 3 368 1
19770718 294 3 129 1
19770718 130 3 37 1
19770718 87 3 340 1
19770718 134 3 282 1
19770718 180 3 318 1
19770718 292 3 346 1
19770718 41 3 78 1
19770718 127 3 294 1
19770718 87 3 130 1
19770718 134 3 180 1
19770718 41 3 292 1
19770718 127 3 87 1
19770718 41 3 134 1
19770718 127 3 41 1
19770808 173 3 137 1
19770808 235 3 406 1
19770808 78 3 112 1
19770808 42 3 39 1
19770808 81 3 466 1
19770808 384 3 264 1
19770808 45 3 26 1
19770808 262 3 195 1
19770808 380 3 260 1
19770808 189 3 546 1
19770808 31 3 164 1
19770808 268 3 287 1
19770808 282 3 400 1
19770808 46 3 65 1
19770808 139 3 355 1
19770808 8 3 89 1
19770808 132 3 188 1
19770808 22 3 53 1
19770808 346 3 88 1
19770808 151 3 165 1
19770808 240 3 361 1
19770808 385 3 12 1
19770808 14 3 44 1
19770808 134 3 74 1
19770808 340 3 30 1
19770808 186 3 129 1
19770808 61 3 62 1
19770808 87 3 16 1
19770808 367 3 381 1
19770808 252 3 229 1
19770808 332 3 206 1
19770808 225 3 375 1
19770808 173 3 235 1
19770808 42 3 78 1
19770808 81 3 384 1
19770808 45 3 262 1
19770808 189 3 380 1
19770808 31 3 268 1
19770808 282 3 46 1
19770808 8 3 139 1
19770808 22 3 132 1
19770808 151 3 346 1
19770808 385 3 240 1
19770808 134 3 14 1
19770808 340 3 186 1
19770808 87 3 61 1
19770808 367 3 252 1
19770808 225 3 332 1
19770808 173 3 42 1
19770808 81 3 45 1
19770808 189 3 31 1
19770808 282 3 8 1
19770808 22 3 151 1
19770808 134 3 385 1
19770808 340 3 87 1
19770808 225 3 367 1
19770808 173 3 81 1
19770808 282 3 189 1
19770808 22 3 134 1
19770808 225 3 340 1
19770808 173 3 282 1
19770808 225 3 22 1
19770808 225 3 173 1
19770509 127 3 269 1
19770509 165 3 49 1
19770509 208 3 100 1
19770509 164 3 367 1
19770509 22 3 215 1
19770509 145 3 207 1
19770509 45 3 372 1
19770509 313 3 170 1
19770509 282 3 259 1
19770509 252 3 267 1
19770509 68 3 197 1
19770509 314 3 8 1
19770509 17 3 102 1
19770509 332 3 324 1
19770509 257 3 148 1
19770509 213 3 294 1
19770509 375 3 65 1
19770509 193 3 368 1
19770509 364 3 297 1
19770509 99 3 363 1
19770509 24 3 385 1
19770509 248 3 204 1
19770509 151 3 132 1
19770509 37 3 273 1
19770509 78 3 175 1
19770509 48 3 153 1
19770509 40 3 28 1
19770509 214 3 74 1
19770509 229 3 35 1
19770509 163 3 147 1
19770509 225 3 9 1
19770509 127 3 165 1
19770509 164 3 208 1
19770509 22 3 145 1
19770509 45 3 313 1
19770509 282 3 252 1
19770509 68 3 314 1
19770509 17 3 332 1
19770509 257 3 213 1
19770509 375 3 193 1
19770509 99 3 364 1
19770509 151 3 248 1
19770509 37 3 78 1
19770509 40 3 48 1
19770509 214 3 229 1
19770509 225 3 163 1
19770509 127 3 164 1
19770509 45 3 22 1
19770509 68 3 282 1
19770509 257 3 17 1
19770509 375 3 99 1
19770509 151 3 24 1
19770509 37 3 40 1
19770509 225 3 214 1
19770509 45 3 127 1
19770509 257 3 68 1
19770509 151 3 375 1
19770509 225 3 37 1
19770509 257 3 45 1
19770509 225 3 151 1
19770509 257 3 225 1
19770425 173 3 254 1
19770425 350 3 369 1
19770425 64 3 252 1
19770425 328 3 28 1
19770425 210 3 54 1
19770425 180 3 292 1
19770425 37 3 282 1
19770425 229 3 318 1
19770425 288 3 168 1
19770425 42 3 40 1
19770425 151 3 110 1
19770425 301 3 32 1
19770425 309 3 228 1
19770425 67 3 66 1
19770425 31 3 14 1
19770425 233 3 1 1
19770425 173 3 350 1
19770425 328 3 64 1
19770425 180 3 210 1
19770425 37 3 229 1
19770425 288 3 42 1
19770425 151 3 301 1
19770425 67 3 309 1
19770425 233 3 31 1
19770425 173 3 328 1
19770425 37 3 180 1
19770425 288 3 151 1
19770425 67 3 233 1
19770425 173 3 37 1
19770425 288 3 67 1
19770425 173 3 288 1
19770131 173 3 319 1
19770131 69 3 81 1
19770131 371 3 180 1
19770131 1 3 369 1
19770131 225 3 155 1
19770131 353 3 252 1
19770131 358 3 380 1
19770131 144 3 64 1
19770131 69 3 173 1
19770131 371 3 1 1
19770131 353 3 225 1
19770131 358 3 144 1
19770131 371 3 69 1
19770131 353 3 358 1
19770131 353 3 371 1
19770207 64 3 319 1
19770207 144 3 221 1
19770207 155 3 304 1
19770207 1 3 69 1
19770207 371 3 358 1
19770207 380 3 387 1
19770207 225 3 476 1
19770207 210 3 353 1
19770207 144 3 64 1
19770207 1 3 155 1
19770207 380 3 371 1
19770207 210 3 225 1
19770207 144 3 1 1
19770207 380 3 210 1
19770207 144 3 380 1
19770101 127 3 268 1
19770101 245 3 346 1
19770101 54 3 37 1
19770101 331 3 307 1
19770101 81 3 184 1
19770101 53 3 10 1
19770101 319 3 58 1
19770101 29 3 39 1
19770101 19 3 278 1
19770101 80 3 133 1
19770101 129 3 110 1
19770101 65 3 7 1
19770101 291 3 267 1
19770101 67 3 213 1
19770101 180 3 243 1
19770101 363 3 122 1
19770101 297 3 36 1
19770101 349 3 321 1
19770101 182 3 191 1
19770101 229 3 35 1
19770101 93 3 57 1
19770101 233 3 153 1
19770101 145 3 271 1
19770101 210 3 334 1
19770101 326 3 125 1
19770101 282 3 186 1
19770101 375 3 188 1
19770101 78 3 367 1
19770101 30 3 231 1
19770101 358 3 551 1
19770101 275 3 23 1
19770101 318 3 42 1
19770101 127 3 245 1
19770101 54 3 331 1
19770101 81 3 53 1
19770101 319 3 29 1
19770101 19 3 80 1
19770101 129 3 65 1
19770101 67 3 291 1
19770101 180 3 363 1
19770101 297 3 349 1
19770101 229 3 182 1
19770101 233 3 93 1
19770101 210 3 145 1
19770101 282 3 326 1
19770101 78 3 375 1
19770101 358 3 30 1
19770101 318 3 275 1
19770101 127 3 54 1
19770101 319 3 81 1
19770101 19 3 129 1
19770101 180 3 67 1
19770101 229 3 297 1
19770101 210 3 233 1
19770101 282 3 78 1
19770101 318 3 358 1
19770101 127 3 319 1
19770101 180 3 19 1
19770101 210 3 229 1
19770101 318 3 282 1
19770101 127 3 180 1
19770101 318 3 210 1
19770101 318 3 127 1
19770606 134 3 332 1
19770606 23 3 100 1
19770606 164 3 219 1
19770606 294 3 118 1
19770606 385 3 375 1
19770606 264 3 259 1
19770606 175 3 148 1
19770606 22 3 163 1
19770606 246 3 65 1
19770606 248 3 260 1
19770606 269 3 68 1
19770606 257 3 114 1
19770606 207 3 273 1
19770606 24 3 165 1
19770606 262 3 102 1
19770606 132 3 380 1
19770606 134 3 8 1
19770606 23 3 263 1
19770606 164 3 77 1
19770606 294 3 193 1
19770606 264 3 361 1
19770606 267 3 175 1
19770606 22 3 364 1
19770606 246 3 197 1
19770606 248 3 27 1
19770606 269 3 130 1
19770606 16 3 257 1
19770606 207 3 376 1
19770606 24 3 204 1
19770606 208 3 262 1
19770606 132 3 278 1
19770606 134 3 23 1
19770606 164 3 294 1
19770606 385 3 264 1
19770606 22 3 267 1
19770606 248 3 246 1
19770606 16 3 269 1
19770606 207 3 24 1
19770606 208 3 132 1
19770606 134 3 164 1
19770606 22 3 385 1
19770606 248 3 16 1
19770606 208 3 207 1
19770606 134 3 22 1
19770606 208 3 248 1
19770606 134 3 208 1
19770411 1 3 173 1
19770411 210 3 155 1
19770411 134 3 31 1
19770411 87 3 282 1
19770411 371 3 69 1
19770411 358 3 180 1
19770411 319 3 369 1
19770411 144 3 32 1
19770411 1 3 210 1
19770411 87 3 134 1
19770411 371 3 358 1
19770411 144 3 319 1
19770411 1 3 87 1
19770411 371 3 144 1
19770411 1 3 371 1
19770202 340 3 31 1
19770202 345 3 153 1
19770202 104 3 186 1
19770202 338 3 110 1
19770202 100 3 206 1
19770202 168 3 84 1
19770202 312 3 207 1
19770202 361 3 192 1
19770202 5 3 193 1
19770202 345 3 153 1
19770202 326 3 14 1
19770202 149 3 240 1
19770202 47 3 367 1
19770202 184 3 216 1
19770202 45 3 29 1
19770202 340 3 9 1
19770202 345 3 326 1
19770202 100 3 338 1
19770202 168 3 312 1
19770202 5 3 361 1
19770202 326 3 345 1
19770202 47 3 149 1
19770202 45 3 184 1
19770202 345 3 340 1
19770202 168 3 100 1
19770202 5 3 326 1
19770202 45 3 47 1
19770202 168 3 345 1
19770202 45 3 5 1
19770202 168 3 45 1
19771121 127 3 91 1
19771121 148 3 50 1
19771121 145 3 219 1
19771121 24 3 114 1
19771121 130 3 163 1
19771121 137 3 44 1
19771121 268 3 8 1
19771121 242 3 195 1
19771121 384 3 252 1
19771121 108 3 16 1
19771121 197 3 90 1
19771121 152 3 294 1
19771121 49 3 198 1
19771121 151 3 287 1
19771121 127 3 148 1
19771121 24 3 145 1
19771121 130 3 137 1
19771121 242 3 268 1
19771121 368 3 384 1
19771121 108 3 197 1
19771121 262 3 152 1
19771121 151 3 49 1
19771121 127 3 24 1
19771121 130 3 242 1
19771121 368 3 108 1
19771121 151 3 262 1
19771121 127 3 130 1
19771121 151 3 368 1
19771121 127 3 151 1
19770426 68 3 165 1
19770426 197 3 164 1
19770426 264 3 313 1
19770426 324 3 364 1
19770426 22 3 441 1
19770426 130 3 24 1
19770426 385 3 297 1
19770426 100 3 99 1
19770426 78 3 207 1
19770426 208 3 65 1
19770426 102 3 312 1
19770426 148 3 257 1
19770426 368 3 375 1
19770426 273 3 175 1
19770426 132 3 372 1
19770426 248 3 69 1
19770426 197 3 68 1
19770426 264 3 324 1
19770426 130 3 22 1
19770426 385 3 100 1
19770426 78 3 208 1
19770426 148 3 102 1
19770426 368 3 273 1
19770426 248 3 132 1
19770426 197 3 264 1
19770426 385 3 130 1
19770426 78 3 148 1
19770426 368 3 248 1
19770426 385 3 197 1
19770426 368 3 78 1
19770426 385 3 368 1
19771010 355 3 475 1
19771010 268 3 299 1
19771010 130 3 90 1
19771010 273 3 314 1
19771010 50 3 237 1
19771010 151 3 361 1
19771010 225 3 139 1
19771010 29 3 209 1
19771010 186 3 270 1
19771010 22 3 298 1
19771010 9 3 163 1
19771010 111 3 242 1
19771010 112 3 295 1
19771010 257 3 145 1
19771010 380 3 184 1
19771010 108 3 532 1
19771010 200 3 202 1
19771010 17 3 219 1
19771010 155 3 246 1
19771010 106 3 16 1
19771010 132 3 140 1
19771010 87 3 294 1
19771010 197 3 23 1
19771010 4 3 495 1
19771010 269 3 174 1
19771010 126 3 137 1
19771010 33 3 30 1
19771010 24 3 384 1
19771010 34 3 157 1
19771010 355 3 362 1
19771010 268 3 152 1
19771010 273 3 130 1
19771010 151 3 50 1
19771010 225 3 29 1
19771010 22 3 186 1
19771010 111 3 9 1
19771010 257 3 112 1
19771010 380 3 108 1
19771010 17 3 200 1
19771010 106 3 155 1
19771010 87 3 132 1
19771010 197 3 4 1
19771010 37 3 269 1
19771010 33 3 126 1
19771010 34 3 24 1
19771010 355 3 268 1
19771010 151 3 273 1
19771010 225 3 22 1
19771010 257 3 111 1
19771010 380 3 17 1
19771010 87 3 106 1
19771010 197 3 37 1
19771010 34 3 33 1
19771010 151 3 355 1
19771010 257 3 225 1
19771010 87 3 380 1
19771010 34 3 197 1
19771010 151 3 257 1
19771010 34 3 87 1
19771010 34 3 151 1
19770207 288 3 384 1
19770207 333 3 207 1
19770207 372 3 193 1
19770207 41 3 77 1
19770207 246 3 102 1
19770207 5 3 66 1
19770207 8 3 267 1
19770207 219 3 259 1
19770207 47 3 197 1
19770207 175 3 332 1
19770207 134 3 314 1
19770207 192 3 428 1
19770207 65 3 294 1
19770207 366 3 147 1
19770207 87 3 206 1
19770207 288 3 333 1
19770207 338 3 372 1
19770207 41 3 246 1
19770207 5 3 8 1
19770207 219 3 47 1
19770207 134 3 175 1
19770207 65 3 192 1
19770207 87 3 366 1
19770207 288 3 338 1
19770207 41 3 5 1
19770207 134 3 219 1
19770207 87 3 65 1
19770207 288 3 41 1
19770207 87 3 134 1
19770207 87 3 288 1
19770207 127 3 95 1
19770207 67 3 240 1
19770207 361 3 149 1
19770207 275 3 241 1
19770207 369 3 153 1
19770207 37 3 350 1
19770207 312 3 171 1
19770207 108 3 186 1
19770207 45 3 145 1
19770207 112 3 245 1
19770207 22 3 184 1
19770207 100 3 157 1
19770207 135 3 106 1
19770207 92 3 170 1
19770207 328 3 93 1
19770207 127 3 67 1
19770207 275 3 361 1
19770207 37 3 369 1
19770207 108 3 312 1
19770207 22 3 112 1
19770207 135 3 100 1
19770207 328 3 92 1
19770207 127 3 275 1
19770207 108 3 37 1
19770207 22 3 45 1
19770207 328 3 135 1
19770207 127 3 108 1
19770207 328 3 22 1
19770207 127 3 328 1
19771128 350 3 324 1
19771128 20 3 340 1
19771128 312 3 162 1
19771128 350 3 324 1
19771128 340 3 20 1
19771128 55 3 331 1
19771128 297 3 84 1
19771128 375 3 147 1
19771128 240 3 298 1
19771128 124 3 10 1
19771128 92 3 308 1
19771128 60 3 164 1
19771128 227 3 153 1
19771128 184 3 35 1
19771128 220 3 453 1
19771128 369 3 192 1
19771128 20 3 350 1
19771128 350 3 312 1
19771128 340 3 55 1
19771128 297 3 375 1
19771128 240 3 124 1
19771128 60 3 92 1
19771128 184 3 227 1
19771128 369 3 220 1
19771128 350 3 20 1
19771128 340 3 297 1
19771128 60 3 240 1
19771128 369 3 184 1
19771128 340 3 350 1
19771128 369 3 60 1
19771128 369 3 340 1
19770831 34 3 361 1
19770831 186 3 368 1
19770831 376 3 168 1
19770831 252 3 163 1
19770831 332 3 74 1
19770831 1 3 100 1
19770831 180 3 18 1
19770831 81 3 111 1
19770831 134 3 28 1
19770831 266 3 188 1
19770831 16 3 297 1
19770831 298 3 321 1
19770831 193 3 487 1
19770831 275 3 67 1
19770831 355 3 24 1
19770831 371 3 260 1
19770831 127 3 226 1
19770831 108 3 157 1
19770831 331 3 153 1
19770831 367 3 112 1
19770831 197 3 346 1
19770831 44 3 139 1
19770831 282 3 209 1
19770831 210 3 350 1
19770831 328 3 80 1
19770831 242 3 32 1
19770831 12 3 8 1
19770831 184 3 54 1
19770831 292 3 350 1
19770831 264 3 170 1
19770831 148 3 37 1
19770831 295 3 288 1
19770831 144 3 106 1
19770831 69 3 31 1
19770831 9 3 267 1
19770831 229 3 528 1
19770831 42 3 57 1
19770831 385 3 129 1
19770831 187 3 77 1
19770831 47 3 228 1
19770831 380 3 319 1
19770831 324 3 245 1
19770831 84 3 246 1
19770831 98 3 294 1
19770831 66 3 357 1
19770831 155 3 30 1
19770831 233 3 35 1
19770831 41 3 366 1
19770831 225 3 400 1
19770831 105 3 369 1
19770831 99 3 259 1
19770831 326 3 243 1
19770831 130 3 151 1
19770831 189 3 88 1
19770831 104 3 91 1
19770831 87 3 219 1
19770831 318 3 235 1
19770831 14 3 268 1
19770831 340 3 64 1
19770831 137 3 195 1
19770831 384 3 65 1
19770831 240 3 213 1
19770831 301 3 22 1
19770831 173 3 162 1
19770831 34 3 186 1
19770831 252 3 376 1
19770831 1 3 332 1
19770831 81 3 180 1
19770831 134 3 266 1
19770831 298 3 16 1
19770831 193 3 275 1
19770831 371 3 355 1
19770831 127 3 108 1
19770831 367 3 331 1
19770831 197 3 44 1
19770831 210 3 282 1
19770831 242 3 328 1
19770831 184 3 12 1
19770831 292 3 264 1
19770831 295 3 148 1
19770831 69 3 144 1
19770831 229 3 9 1
19770831 385 3 42 1
19770831 47 3 187 1
19770831 380 3 324 1
19770831 84 3 98 1
19770831 155 3 66 1
19770831 41 3 233 1
19770831 225 3 105 1
19770831 326 3 99 1
19770831 189 3 130 1
19770831 87 3 104 1
19770831 318 3 14 1
19770831 340 3 137 1
19770831 384 3 240 1
19770831 173 3 301 1
19770831 34 3 252 1
19770831 81 3 1 1
19770831 134 3 298 1
19770831 371 3 193 1
19770831 127 3 367 1
19770831 197 3 210 1
19770831 184 3 242 1
19770831 292 3 295 1
19770831 69 3 229 1
19770831 47 3 385 1
19770831 380 3 84 1
19770831 41 3 155 1
19770831 225 3 326 1
19770831 189 3 87 1
19770831 318 3 340 1
19770831 173 3 384 1
19770831 81 3 34 1
19770831 134 3 371 1
19770831 127 3 197 1
19770831 292 3 184 1
19770831 69 3 47 1
19770831 41 3 380 1
19770831 225 3 189 1
19770831 173 3 318 1
19770831 134 3 81 1
19770831 127 3 292 1
19770831 69 3 41 1
19770831 173 3 225 1
19770831 127 3 134 1
19770831 173 3 69 1
19770831 127 3 173 1
19770731 127 3 67 1
19770731 275 3 74 1
19770731 46 3 513 1
19770731 168 3 65 1
19770731 151 3 266 1
19770731 137 3 130 1
19770731 189 3 406 1
19770731 262 3 139 1
19770731 28 3 22 1
19770731 42 3 6 1
19770731 292 3 429 1
19770731 216 3 380 1
19770731 385 3 48 1
19770731 252 3 78 1
19770731 294 3 165 1
19770731 318 3 235 1
19770731 127 3 275 1
19770731 168 3 46 1
19770731 151 3 137 1
19770731 189 3 262 1
19770731 28 3 42 1
19770731 292 3 216 1
19770731 385 3 252 1
19770731 318 3 294 1
19770731 127 3 168 1
19770731 189 3 151 1
19770731 292 3 28 1
19770731 318 3 385 1
19770731 127 3 189 1
19770731 318 3 292 1
19770731 127 3 318 1
19770131 34 3 137 1
19770131 275 3 93 1
19770131 147 3 372 1
19770131 323 3 102 1
19770131 219 3 65 1
19770131 175 3 259 1
19770131 37 3 89 1
19770131 67 3 299 1
19770131 245 3 267 1
19770131 170 3 106 1
19770131 44 3 74 1
19770131 243 3 241 1
19770131 167 3 79 1
19770131 135 3 333 1
19770131 275 3 147 1
19770131 323 3 219 1
19770131 175 3 37 1
19770131 67 3 112 1
19770131 245 3 170 1
19770131 243 3 44 1
19770131 135 3 167 1
19770131 34 3 275 1
19770131 323 3 175 1
19770131 245 3 67 1
19770131 135 3 243 1
19770131 323 3 34 1
19770131 135 3 245 1
19770131 323 3 135 1
19770516 87 3 114 1
19770516 207 3 248 1
19770516 147 3 8 1
19770516 313 3 99 1
19770516 151 3 335 1
19770516 175 3 314 1
19770516 292 3 273 1
19770516 40 3 14 1
19770516 168 3 132 1
19770516 208 3 262 1
19770516 193 3 264 1
19770516 380 3 297 1
19770516 45 3 364 1
19770516 375 3 102 1
19770516 148 3 204 1
19770516 207 3 87 1
19770516 147 3 313 1
19770516 151 3 175 1
19770516 292 3 40 1
19770516 168 3 208 1
19770516 380 3 193 1
19770516 45 3 375 1
19770516 148 3 134 1
19770516 207 3 147 1
19770516 292 3 151 1
19770516 380 3 168 1
19770516 45 3 148 1
19770516 292 3 207 1
19770516 380 3 45 1
19770516 380 3 292 1
19770926 127 3 218 1
19770926 278 3 295 1
19770926 197 3 209 1
19770926 268 3 108 1
19770926 17 3 145 1
19770926 164 3 294 1
19770926 78 3 83 1
19770926 91 3 77 1
19770926 130 3 284 1
19770926 264 3 60 1
19770926 114 3 16 1
19770926 23 3 257 1
19770926 26 3 136 1
19770926 385 3 248 1
19770926 163 3 260 1
19770926 144 3 314 1
19770926 127 3 278 1
19770926 197 3 268 1
19770926 17 3 164 1
19770926 91 3 78 1
19770926 130 3 264 1
19770926 114 3 23 1
19770926 385 3 26 1
19770926 144 3 163 1
19770926 127 3 197 1
19770926 91 3 17 1
19770926 114 3 130 1
19770926 144 3 385 1
19770926 127 3 91 1
19770926 144 3 114 1
19770926 144 3 127 1
19771114 225 3 164 1
19771114 267 3 259 1
19771114 220 3 170 1
19771114 349 3 35 1
19771114 78 3 389 1
19771114 128 3 446 1
19771114 346 3 274 1
19771114 319 3 192 1
19771114 208 3 316 1
19771114 340 3 207 1
19771114 345 3 321 1
19771114 227 3 213 1
19771114 110 3 298 1
19771114 297 3 7 1
19771114 175 3 245 1
19771114 345 3 321 1
19771114 225 3 267 1
19771114 220 3 349 1
19771114 78 3 128 1
19771114 346 3 319 1
19771114 208 3 340 1
19771114 345 3 175 1
19771114 110 3 297 1
19771114 345 3 175 1
19771114 225 3 220 1
19771114 78 3 346 1
19771114 208 3 345 1
19771114 110 3 345 1
19771114 225 3 78 1
19771114 208 3 110 1
19771114 208 3 225 1
19771114 127 3 268 1
19771114 91 3 49 1
19771114 89 3 195 1
19771114 108 3 114 1
19771114 197 3 16 1
19771114 8 3 384 1
19771114 295 3 9 1
19771114 368 3 163 1
19771114 219 3 44 1
19771114 262 3 148 1
19771114 273 3 119 1
19771114 152 3 242 1
19771114 24 3 294 1
19771114 151 3 137 1
19771114 127 3 91 1
19771114 108 3 89 1
19771114 8 3 197 1
19771114 295 3 130 1
19771114 368 3 219 1
19771114 262 3 273 1
19771114 24 3 152 1
19771114 151 3 145 1
19771114 127 3 108 1
19771114 295 3 8 1
19771114 368 3 262 1
19771114 151 3 24 1
19771114 127 3 295 1
19771114 151 3 368 1
19771114 127 3 151 1
19770808 41 3 258 1
19770808 51 3 219 1
19770808 294 3 28 1
19770808 213 3 100 1
19770808 369 3 357 1
19770808 266 3 324 1
19770808 301 3 157 1
19770808 288 3 57 1
19770808 84 3 471 1
19770808 292 3 9 1
19770808 67 3 104 1
19770808 147 3 80 1
19770808 145 3 298 1
19770808 168 3 85 1
19770808 326 3 155 1
19770808 345 3 275 1
19770808 77 3 68 1
19770808 368 3 148 1
19770808 32 3 208 1
19770808 333 3 544 1
19770808 187 3 6 1
19770808 318 3 108 1
19770808 328 3 130 1
19770808 376 3 217 1
19770808 345 3 275 1
19770808 170 3 497 1
19770808 40 3 212 1
19770808 246 3 98 1
19770808 127 3 209 1
19770808 41 3 51 1
19770808 294 3 213 1
19770808 43 3 369 1
19770808 301 3 266 1
19770808 288 3 84 1
19770808 292 3 153 1
19770808 147 3 67 1
19770808 168 3 145 1
19770808 326 3 345 1
19770808 77 3 368 1
19770808 32 3 333 1
19770808 187 3 318 1
19770808 328 3 376 1
19770808 345 3 170 1
19770808 40 3 297 1
19770808 127 3 246 1
19770808 41 3 294 1
19770808 301 3 43 1
19770808 288 3 292 1
19770808 168 3 147 1
19770808 326 3 77 1
19770808 32 3 187 1
19770808 345 3 328 1
19770808 127 3 40 1
19770808 41 3 301 1
19770808 288 3 168 1
19770808 32 3 326 1
19770808 127 3 345 1
19770808 41 3 288 1
19770808 127 3 32 1
19770808 127 3 41 1
19770321 99 3 375 1
19770321 246 3 182 1
19770321 297 3 132 1
19770321 65 3 147 1
19770321 100 3 264 1
19770321 40 3 365 1
19770321 99 3 246 1
19770321 65 3 297 1
19770321 100 3 40 1
19770321 99 3 259 1
19770321 100 3 65 1
19770321 99 3 100 1
19770914 361 3 181 1
19770914 67 3 243 1
19770914 352 3 320 1
19770914 266 3 88 1
19770914 14 3 153 1
19770914 275 3 325 1
19770914 361 3 193 1
19770914 67 3 192 1
19770914 321 3 346 1
19770914 352 3 112 1
19770914 42 3 266 1
19770914 14 3 299 1
19770914 275 3 35 1
19770914 361 3 187 1
19770914 67 3 321 1
19770914 352 3 42 1
19770914 14 3 275 1
19770914 67 3 361 1
19770914 14 3 352 1
19770914 14 3 67 1
19770321 81 3 134 1
19770321 369 3 225 1
19770321 69 3 292 1
19770321 380 3 87 1
19770321 64 3 252 1
19770321 228 3 353 1
19770321 180 3 1 1
19770321 144 3 155 1
19770321 81 3 369 1
19770321 380 3 69 1
19770321 228 3 64 1
19770321 144 3 180 1
19770321 81 3 380 1
19770321 144 3 228 1
19770321 81 3 144 1
19770228 34 3 238 1
19770228 168 3 175 1
19770228 14 3 40 1
19770228 187 3 157 1
19770228 301 3 252 1
19770228 367 3 92 1
19770228 170 3 369 1
19770228 340 3 364 1
19770228 318 3 384 1
19770228 67 3 233 1
19770228 104 3 22 1
19770228 110 3 213 1
19770228 358 3 129 1
19770228 208 3 54 1
19770228 282 3 314 1
19770228 350 3 326 1
19770228 197 3 153 1
19770228 66 3 47 1
19770228 275 3 254 1
19770228 48 3 328 1
19770228 349 3 165 1
19770228 292 3 320 1
19770228 385 3 332 1
19770228 41 3 91 1
19770228 323 3 355 1
19770228 100 3 151 1
19770228 324 3 184 1
19770228 228 3 28 1
19770228 294 3 346 1
19770228 259 3 368 1
19770228 241 3 145 1
19770228 127 3 42 1
19770228 34 3 168 1
19770228 187 3 14 1
19770228 301 3 367 1
19770228 340 3 170 1
19770228 67 3 318 1
19770228 104 3 110 1
19770228 208 3 358 1
19770228 350 3 282 1
19770228 197 3 66 1
19770228 48 3 275 1
19770228 349 3 292 1
19770228 41 3 385 1
19770228 323 3 100 1
19770228 228 3 324 1
19770228 259 3 294 1
19770228 127 3 241 1
19770228 34 3 187 1
19770228 301 3 340 1
19770228 104 3 67 1
19770228 350 3 208 1
19770228 197 3 48 1
19770228 41 3 349 1
19770228 228 3 323 1
19770228 127 3 259 1
19770228 34 3 301 1
19770228 350 3 104 1
19770228 41 3 197 1
19770228 228 3 127 1
19770228 34 3 350 1
19770228 41 3 228 1
19770228 34 3 41 1
19770124 180 3 135 1
19770124 225 3 323 1
19770124 104 3 312 1
19770124 361 3 48 1
19770124 369 3 37 1
19770124 134 3 170 1
19770124 319 3 332 1
19770124 371 3 47 1
19770124 168 3 353 1
19770124 28 3 175 1
19770124 14 3 340 1
19770124 326 3 259 1
19770124 87 3 309 1
19770124 64 3 54 1
19770124 228 3 5 1
19770124 31 3 238 1
19770124 144 3 69 1
19770124 358 3 106 1
19770124 292 3 34 1
19770124 210 3 252 1
19770124 41 3 32 1
19770124 81 3 180 1
19770124 104 3 225 1
19770124 369 3 361 1
19770124 134 3 319 1
19770124 168 3 371 1
19770124 28 3 14 1
19770124 87 3 326 1
19770124 64 3 228 1
19770124 31 3 144 1
19770124 358 3 155 1
19770124 1 3 349 1
19770124 380 3 108 1
19770124 173 3 45 1
19770124 210 3 292 1
19770124 81 3 41 1
19770124 369 3 104 1
19770124 168 3 134 1
19770124 28 3 87 1
19770124 64 3 31 1
19770124 358 3 1 1
19770124 173 3 380 1
19770124 81 3 210 1
19770124 168 3 369 1
19770124 64 3 28 1
19770124 173 3 358 1
19770124 81 3 168 1
19770124 173 3 64 1
19770124 81 3 173 1
19771219 371 3 188 1
19771219 39 3 308 1
19771219 80 3 252 1
19771219 186 3 182 1
19771219 268 3 213 1
19771219 291 3 551 1
19771219 249 3 35 1
19771219 345 3 278 1
19771219 210 3 70 1
19771219 29 3 30 1
19771219 23 3 59 1
19771219 7 3 325 1
19771219 31 3 40 1
19771219 10 3 85 1
19771219 57 3 223 1
19771219 180 3 381 1
19771219 328 3 184 1
19771219 78 3 271 1
19771219 190 3 42 1
19771219 67 3 88 1
19771219 187 3 334 1
19771219 195 3 341 1
19771219 65 3 346 1
19771219 297 3 358 1
19771219 282 3 243 1
19771219 307 3 331 1
19771219 274 3 92 1
19771219 208 3 349 1
19771219 157 3 119 1
19771219 36 3 112 1
19771219 110 3 62 1
19771219 58 3 318 1
19771219 371 3 39 1
19771219 80 3 186 1
19771219 291 3 268 1
19771219 345 3 249 1
19771219 210 3 29 1
19771219 7 3 23 1
19771219 31 3 10 1
19771219 180 3 57 1
19771219 328 3 78 1
19771219 190 3 67 1
19771219 187 3 195 1
19771219 65 3 297 1
19771219 307 3 282 1
19771219 208 3 274 1
19771219 36 3 157 1
19771219 58 3 110 1
19771219 371 3 80 1
19771219 291 3 345 1
19771219 210 3 7 1
19771219 180 3 31 1
19771219 190 3 328 1
19771219 187 3 65 1
19771219 307 3 208 1
19771219 36 3 58 1
19771219 371 3 291 1
19771219 180 3 210 1
19771219 187 3 190 1
19771219 36 3 307 1
19771219 371 3 180 1
19771219 187 3 36 1
19771219 371 3 187 1
19770711 34 3 1 1
19770711 173 3 225 1
19770711 34 3 173 1
19771114 144 3 371 1
19771114 144 3 309 1
19771114 144 3 318 1
19771114 173 3 144 1
19771114 371 3 318 1
19771114 309 3 371 1
19771114 318 3 309 1
19771114 318 3 81 1
19771114 173 3 318 1
19771114 210 3 81 1
19771114 210 3 180 1
19771114 173 3 210 1
19771114 81 3 173 1
19771114 81 3 180 1
19771114 173 3 180 1
19780104 34 3 288 1
19780104 41 3 288 1
19780104 288 3 318 1
19780104 41 3 34 1
19780104 34 3 318 1
19780104 34 3 127 1
19780104 173 3 34 1
19780104 41 3 318 1
19780104 173 3 41 1
19780104 173 3 87 1
19780104 173 3 225 1
19780104 127 3 173 1
19780104 87 3 127 1
19780104 127 3 225 1
19780104 225 3 87 1
19770914 127 3 282 1
19770914 180 3 294 1
19770914 282 3 294 1
19770914 127 3 180 1
19770318 294 3 262 1
19770318 127 3 262 1
19770428 294 3 81 1
19770428 127 3 41 1
19770428 127 3 81 1
19770428 41 3 294 1
19770121 229 3 369 1
19770121 180 3 12 1
19770121 229 3 12 1
19770121 282 3 324 1
19771202 358 3 1 1
19771202 180 3 69 1
19771202 180 3 1 1
19770211 229 3 252 1
19770211 180 3 40 1
19770211 180 3 252 1
19770422 132 3 147 1
19770422 65 3 147 1
19770506 314 3 65 1
19770506 214 3 132 1
19770506 314 3 274 1
19770506 214 3 65 1
19771215 148 3 292 1
19771215 48 3 148 1
19771215 292 3 8 1
19770401 197 3 247 1
19770401 225 3 247 1
19770723 197 3 161 1
19770723 22 3 225 1
19770723 225 3 161 1
19770723 197 3 22 1
19770729 197 3 69 1
19770729 1 3 225 1
19770729 69 3 225 1
19770729 163 3 1 1
19770506 248 3 197 1
19770506 225 3 248 1
19770914 1 3 260 1
19770914 69 3 99 1
19770914 1 3 99 1
19770914 260 3 69 1
19770506 99 3 336 1
19770506 260 3 336 1
19770723 99 3 144 1
19770723 264 3 82 1
19770723 99 3 82 1
19770723 144 3 264 1
19770319 260 3 276 1
19770319 165 3 136 1
19770319 276 3 165 1
19770319 136 3 260 1
19770609 144 3 184 1
19770609 82 3 187 1
19770609 297 3 107 1
19770609 82 3 184 1
19770422 364 3 149 1
19770422 380 3 208 1
19770422 380 3 364 1
19770916 220 3 247 1
19770916 382 3 247 1
19770715 1 3 33 1
19770715 69 3 314 1
19770715 157 3 17 1
19770715 69 3 33 1
19771021 211 3 389 1
19771021 316 3 549 1
19771021 211 3 316 1
19770916 251 3 510 1
19770415 314 3 396 1
19770415 214 3 489 1
19770415 314 3 489 1
19770415 214 3 396 1
19770422 385 3 220 1
19770422 248 3 220 1
19770506 155 3 82 1
19770506 144 3 175 1
19770506 144 3 155 1
19770415 318 3 48 1
19770415 41 3 292 1
19770415 292 3 318 1
19770415 41 3 48 1
