424 3768
1 81 2 96 1
1 180 2 1 1
1 68 2 182 1
1 211 2 15 1
1 20 2 355 1
1 220 2 160 1
1 138 2 173 1
1 13 2 242 1
1 109 2 127 1
1 174 2 50 1
1 35 2 46 1
1 136 2 124 1
1 271 2 208 1
1 84 2 264 1
1 81 2 235 1
1 180 2 299 1
1 23 2 68 1
1 211 2 134 1
1 71 2 20 1
1 220 2 54 1
1 138 2 140 1
1 13 2 237 1
1 103 2 83 1
1 109 2 121 1
1 174 2 410 1
1 184 2 35 1
1 136 2 131 1
1 271 2 157 1
1 93 2 84 1
1 81 2 180 1
1 23 2 211 1
1 155 2 71 1
1 220 2 138 1
1 103 2 13 1
1 174 2 109 1
1 184 2 136 1
1 93 2 271 1
1 81 2 23 1
1 155 2 220 1
1 174 2 103 1
1 184 2 93 1
1 155 2 81 1
1 174 2 184 1
1 155 2 174 1
1 27 2 47 1
1 231 2 271 1
1 35 2 71 1
1 30 2 359 1
1 145 2 172 1
1 84 2 54 1
1 134 2 201 1
1 29 2 14 1
1 53 2 249 1
1 146 2 73 1
1 180 2 155 1
1 174 2 127 1
1 1 2 19 1
1 235 2 137 1
1 82 2 237 1
1 16 2 178 1
1 27 2 231 1
1 30 2 35 1
1 145 2 84 1
1 134 2 29 1
1 146 2 53 1
1 174 2 180 1
1 235 2 1 1
1 16 2 82 1
1 27 2 30 1
1 134 2 145 1
1 174 2 146 1
1 16 2 235 1
1 27 2 134 1
1 16 2 174 1
1 16 2 27 1
1 144 2 169 1
1 141 2 40 1
1 130 2 150 1
1 260 2 237 1
1 33 2 109 1
1 82 2 87 1
1 23 2 53 1
1 9 2 15 1
1 247 2 309 1
1 114 2 28 1
1 142 2 160 1
1 231 2 127 1
1 256 2 131 1
1 166 2 45 1
1 214 2 71 1
1 233 2 144 1
1 141 2 130 1
1 260 2 33 1
1 23 2 82 1
1 247 2 9 1
1 114 2 142 1
1 231 2 256 1
1 214 2 166 1
1 233 2 141 1
1 260 2 23 1
1 247 2 114 1
1 214 2 231 1
1 260 2 233 1
1 214 2 247 1
1 260 2 214 1
1 116 2 256 1
1 80 2 108 1
1 145 2 326 1
1 85 2 197 1
1 120 2 159 1
1 4 2 126 1
1 121 2 283 1
1 53 2 207 1
1 3 2 161 1
1 43 2 65 1
1 194 2 119 1
1 252 2 45 1
1 75 2 313 1
1 29 2 385 1
1 28 2 229 1
1 129 2 221 1
1 116 2 80 1
1 145 2 85 1
1 120 2 4 1
1 53 2 121 1
1 3 2 43 1
1 252 2 194 1
1 75 2 29 1
1 129 2 28 1
1 116 2 145 1
1 53 2 120 1
1 252 2 3 1
1 129 2 75 1
1 116 2 53 1
1 129 2 252 1
1 129 2 116 1
1 218 2 45 1
1 241 2 39 1
1 207 2 277 1
1 95 2 182 1
1 75 2 175 1
1 112 2 216 1
1 99 2 132 1
1 31 2 138 1
1 11 2 115 1
1 4 2 243 1
1 32 2 90 1
1 3 2 96 1
1 224 2 225 1
1 218 2 241 1
1 95 2 207 1
1 208 2 75 1
1 112 2 99 1
1 204 2 31 1
1 4 2 11 1
1 226 2 32 1
1 224 2 3 1
1 218 2 95 1
1 112 2 208 1
1 204 2 4 1
1 224 2 226 1
1 218 2 112 1
1 204 2 224 1
1 218 2 204 1
1 103 2 141 1
1 1 2 73 1
1 271 2 174 1
1 158 2 175 1
1 31 2 11 1
1 172 2 220 1
1 117 2 178 1
1 82 2 146 1
1 103 2 1 1
1 158 2 271 1
1 31 2 172 1
1 117 2 82 1
1 158 2 103 1
1 31 2 117 1
1 158 2 31 1
1 158 2 169 1
1 61 2 28 1
1 251 2 247 1
1 260 2 233 1
1 197 2 186 1
1 177 2 79 1
1 42 2 166 1
1 139 2 56 1
1 86 2 78 1
1 80 2 246 1
1 270 2 227 1
1 214 2 64 1
1 44 2 9 1
1 143 2 20 1
1 162 2 294 1
1 120 2 87 1
1 61 2 158 1
1 260 2 251 1
1 197 2 177 1
1 42 2 139 1
1 86 2 80 1
1 214 2 270 1
1 143 2 44 1
1 120 2 162 1
1 260 2 61 1
1 42 2 197 1
1 86 2 214 1
1 143 2 120 1
1 42 2 260 1
1 143 2 86 1
1 143 2 42 1
1 218 2 182 1
1 31 2 75 1
1 99 2 11 1
1 32 2 216 1
1 45 2 115 1
1 213 2 3 1
1 204 2 241 1
1 262 2 175 1
1 96 2 226 1
1 207 2 225 1
1 228 2 4 1
1 116 2 112 1
1 208 2 39 1
1 243 2 28 1
1 95 2 218 1
1 99 2 31 1
1 32 2 45 1
1 204 2 213 1
1 262 2 96 1
1 228 2 207 1
1 116 2 208 1
1 243 2 224 1
1 95 2 99 1
1 32 2 204 1
1 228 2 262 1
1 116 2 243 1
1 32 2 95 1
1 116 2 228 1
1 116 2 32 1
1 178 2 311 1
1 37 2 344 1
1 63 2 69 1
1 221 2 181 1
1 210 2 47 1
1 100 2 367 1
1 21 2 323 1
1 200 2 173 1
1 198 2 79 1
1 261 2 14 1
1 51 2 167 1
1 77 2 46 1
1 202 2 353 1
1 219 2 160 1
1 67 2 400 1
1 1 2 78 1
1 178 2 37 1
1 63 2 221 1
1 210 2 100 1
1 21 2 200 1
1 261 2 198 1
1 77 2 51 1
1 202 2 219 1
1 1 2 67 1
1 178 2 63 1
1 210 2 21 1
1 77 2 261 1
1 202 2 1 1
1 178 2 210 1
1 77 2 202 1
1 178 2 77 1
1 143 2 22 1
1 37 2 171 1
1 112 2 83 1
1 46 2 20 1
1 120 2 54 1
1 78 2 82 1
1 96 2 253 1
1 109 2 90 1
1 142 2 379 1
1 157 2 79 1
1 220 2 150 1
1 172 2 212 1
1 141 2 119 1
1 140 2 193 1
1 81 2 361 1
1 143 2 37 1
1 112 2 46 1
1 96 2 78 1
1 142 2 109 1
1 157 2 220 1
1 172 2 141 1
1 81 2 140 1
1 143 2 112 1
1 142 2 157 1
1 81 2 172 1
1 142 2 81 1
1 143 2 142 1
1 81 2 193 1
1 127 2 151 1
1 141 2 161 1
1 53 2 150 1
1 169 2 157 1
1 259 2 138 1
1 268 2 20 1
1 96 2 184 1
1 84 2 77 1
1 171 2 220 1
1 271 2 180 1
1 82 2 223 1
1 172 2 90 1
1 68 2 173 1
1 81 2 127 1
1 141 2 53 1
1 95 2 169 1
1 259 2 268 1
1 256 2 96 1
1 171 2 84 1
1 271 2 82 1
1 68 2 172 1
1 81 2 141 1
1 259 2 95 1
1 256 2 171 1
1 271 2 68 1
1 81 2 259 1
1 271 2 256 1
1 81 2 271 1
1 27 2 208 1
1 223 2 63 1
1 243 2 339 1
1 26 2 231 1
1 136 2 166 1
1 12 2 421 1
1 134 2 15 1
1 59 2 71 1
1 47 2 127 1
1 28 2 146 1
1 259 2 8 1
1 95 2 202 1
1 13 2 106 1
1 184 2 23 1
1 222 2 175 1
1 155 2 242 1
1 27 2 223 1
1 243 2 26 1
1 136 2 12 1
1 134 2 59 1
1 47 2 28 1
1 95 2 259 1
1 184 2 13 1
1 155 2 222 1
1 243 2 27 1
1 134 2 136 1
1 47 2 95 1
1 155 2 184 1
1 134 2 243 1
1 155 2 47 1
1 155 2 134 1
1 103 2 163 1
1 77 2 321 1
1 53 2 271 1
1 84 2 132 1
1 138 2 68 1
1 256 2 45 1
1 178 2 124 1
1 107 2 187 1
1 85 2 169 1
1 1 2 238 1
1 19 2 173 1
1 195 2 18 1
1 117 2 43 1
1 268 2 14 1
1 174 2 69 1
1 103 2 77 1
1 84 2 53 1
1 256 2 138 1
1 107 2 178 1
1 1 2 85 1
1 19 2 180 1
1 117 2 195 1
1 268 2 174 1
1 103 2 84 1
1 256 2 107 1
1 1 2 19 1
1 268 2 117 1
1 103 2 256 1
1 1 2 268 1
1 1 2 103 1
1 16 2 276 1
1 20 2 23 1
1 61 2 327 1
1 73 2 299 1
1 36 2 354 1
1 174 2 284 1
1 208 2 220 1
1 99 2 216 1
1 32 2 82 1
1 1 2 320 1
1 16 2 298 1
1 179 2 46 1
1 142 2 300 1
1 131 2 20 1
1 61 2 39 1
1 73 2 205 1
1 86 2 36 1
1 185 2 377 1
1 208 2 30 1
1 35 2 99 1
1 32 2 305 1
1 11 2 28 1
1 1 2 378 1
1 179 2 16 1
1 142 2 131 1
1 73 2 61 1
1 86 2 231 1
1 174 2 185 1
1 208 2 35 1
1 32 2 31 1
1 11 2 1 1
1 142 2 179 1
1 86 2 73 1
1 174 2 208 1
1 32 2 11 1
1 86 2 142 1
1 32 2 174 1
1 86 2 32 1
1 116 2 112 1
1 53 2 127 1
1 260 2 223 1
1 171 2 212 1
1 225 2 146 1
1 208 2 231 1
1 30 2 161 1
1 41 2 125 1
1 17 2 93 1
1 75 2 85 1
1 126 2 192 1
1 258 2 228 1
1 89 2 419 1
1 19 2 131 1
1 45 2 186 1
1 93 2 17 1
1 116 2 53 1
1 260 2 171 1
1 208 2 225 1
1 30 2 41 1
1 17 2 75 1
1 258 2 126 1
1 19 2 89 1
1 93 2 45 1
1 260 2 116 1
1 30 2 208 1
1 17 2 258 1
1 93 2 19 1
1 30 2 260 1
1 93 2 17 1
1 93 2 30 1
1 126 2 280 1
1 122 2 212 1
1 259 2 66 1
1 53 2 90 1
1 70 2 69 1
1 78 2 15 1
1 148 2 112 1
1 173 2 76 1
1 45 2 160 1
1 83 2 86 1
1 46 2 150 1
1 79 2 312 1
1 146 2 290 1
1 120 2 124 1
1 20 2 132 1
1 161 2 349 1
1 116 2 126 1
1 171 2 122 1
1 259 2 197 1
1 53 2 424 1
1 218 2 70 1
1 78 2 87 1
1 127 2 148 1
1 173 2 242 1
1 208 2 45 1
1 83 2 348 1
1 46 2 184 1
1 93 2 79 1
1 146 2 267 1
1 120 2 64 1
1 20 2 131 1
1 143 2 161 1
1 116 2 171 1
1 259 2 53 1
1 218 2 78 1
1 173 2 127 1
1 208 2 83 1
1 93 2 46 1
1 120 2 146 1
1 143 2 20 1
1 116 2 259 1
1 218 2 173 1
1 93 2 208 1
1 143 2 120 1
1 116 2 218 1
1 143 2 93 1
1 116 2 143 1
1 16 2 79 1
1 235 2 115 1
1 61 2 213 1
1 39 2 146 1
1 103 2 410 1
1 220 2 242 1
1 35 2 224 1
1 208 2 160 1
1 87 2 124 1
1 26 2 232 1
1 93 2 64 1
1 23 2 70 1
1 63 2 158 1
1 211 2 46 1
1 116 2 268 1
1 16 2 166 1
1 71 2 235 1
1 61 2 222 1
1 39 2 20 1
1 103 2 132 1
1 220 2 229 1
1 35 2 244 1
1 208 2 117 1
1 87 2 175 1
1 127 2 174 1
1 95 2 26 1
1 23 2 188 1
1 63 2 351 1
1 142 2 211 1
1 116 2 231 1
1 16 2 71 1
1 61 2 39 1
1 103 2 220 1
1 35 2 208 1
1 87 2 127 1
1 93 2 95 1
1 23 2 63 1
1 116 2 142 1
1 61 2 16 1
1 35 2 103 1
1 93 2 87 1
1 116 2 23 1
1 61 2 35 1
1 116 2 93 1
1 61 2 116 1
1 232 2 317 1
1 116 2 232 1
1 66 2 41 1
1 130 2 259 1
1 3 2 74 1
1 262 2 331 1
1 73 2 94 1
1 228 2 335 1
1 93 2 254 1
1 116 2 66 1
1 130 2 3 1
1 262 2 73 1
1 93 2 228 1
1 116 2 130 1
1 262 2 93 1
1 116 2 262 1
1 81 2 52 1
1 45 2 54 1
1 214 2 400 1
1 95 2 259 1
1 56 2 33 1
1 96 2 9 1
1 99 2 268 1
1 258 2 46 1
1 224 2 71 1
1 213 2 121 1
1 61 2 140 1
1 25 2 192 1
1 204 2 39 1
1 119 2 157 1
1 150 2 174 1
1 131 2 229 1
1 5 2 254 1
1 44 2 36 1
1 112 2 182 1
1 233 2 243 1
1 64 2 267 1
1 197 2 247 1
1 114 2 208 1
1 93 2 231 1
1 271 2 101 1
1 32 2 171 1
1 51 2 331 1
1 86 2 235 1
1 130 2 127 1
1 53 2 34 1
1 16 2 87 1
1 81 2 45 1
1 95 2 214 1
1 56 2 96 1
1 99 2 258 1
1 224 2 213 1
1 61 2 25 1
1 204 2 119 1
1 150 2 131 1
1 44 2 5 1
1 233 2 112 1
1 197 2 64 1
1 93 2 114 1
1 32 2 271 1
1 86 2 51 1
1 260 2 130 1
1 16 2 53 1
1 81 2 95 1
1 99 2 56 1
1 61 2 224 1
1 204 2 150 1
1 44 2 233 1
1 93 2 197 1
1 86 2 32 1
1 16 2 260 1
1 81 2 99 1
1 204 2 61 1
1 44 2 93 1
1 86 2 16 1
1 81 2 204 1
1 86 2 44 1
1 81 2 86 1
1 81 2 130 1
1 182 2 144 1
1 134 2 236 1
1 271 2 258 1
1 33 2 44 1
1 235 2 74 1
1 61 2 256 1
1 229 2 165 1
1 155 2 109 1
1 54 2 153 1
1 42 2 166 1
1 28 2 202 1
1 268 2 32 1
1 136 2 187 1
1 51 2 170 1
1 21 2 23 1
1 1 2 36 1
1 231 2 309 1
1 174 2 13 1
1 96 2 22 1
1 178 2 254 1
1 210 2 267 1
1 204 2 7 1
1 85 2 82 1
1 84 2 25 1
1 71 2 344 1
1 99 2 114 1
1 192 2 140 1
1 243 2 89 1
1 119 2 139 1
1 16 2 157 1
1 81 2 182 1
1 271 2 134 1
1 33 2 235 1
1 61 2 229 1
1 155 2 54 1
1 28 2 42 1
1 136 2 51 1
1 1 2 21 1
1 174 2 231 1
1 96 2 178 1
1 210 2 204 1
1 84 2 85 1
1 99 2 71 1
1 243 2 192 1
1 16 2 119 1
1 81 2 271 1
1 61 2 33 1
1 155 2 28 1
1 174 2 1 1
1 96 2 210 1
1 99 2 84 1
1 16 2 243 1
1 81 2 61 1
1 155 2 136 1
1 174 2 96 1
1 16 2 99 1
1 155 2 81 1
1 16 2 174 1
1 155 2 16 1
1 27 2 21 1
1 259 2 140 1
1 178 2 324 1
1 271 2 77 1
1 204 2 53 1
1 109 2 134 1
1 82 2 403 1
1 47 2 180 1
1 93 2 370 1
1 213 2 200 1
1 197 2 184 1
1 32 2 138 1
1 46 2 223 1
1 61 2 187 1
1 13 2 219 1
1 196 2 355 1
1 136 2 135 1
1 139 2 58 1
1 86 2 254 1
1 186 2 235 1
1 1 2 131 1
1 19 2 308 1
1 155 2 173 1
1 142 2 268 1
1 210 2 95 1
1 71 2 14 1
1 174 2 146 1
1 172 2 198 1
1 243 2 69 1
1 261 2 87 1
1 81 2 171 1
1 27 2 259 1
1 178 2 271 1
1 204 2 109 1
1 47 2 82 1
1 93 2 213 1
1 197 2 105 1
1 32 2 46 1
1 61 2 13 1
1 196 2 136 1
1 86 2 139 1
1 1 2 186 1
1 155 2 19 1
1 142 2 210 1
1 174 2 71 1
1 172 2 243 1
1 81 2 261 1
1 27 2 178 1
1 204 2 47 1
1 93 2 197 1
1 61 2 32 1
1 86 2 196 1
1 155 2 1 1
1 174 2 142 1
1 81 2 172 1
1 204 2 27 1
1 93 2 61 1
1 155 2 86 1
1 81 2 174 1
1 204 2 93 1
1 155 2 81 1
1 204 2 155 1
1 81 2 134 1
1 178 2 187 1
1 136 2 32 1
1 166 2 77 1
1 218 2 184 1
1 1 2 352 1
1 103 2 180 1
1 66 2 130 1
1 16 2 121 1
1 35 2 96 1
1 233 2 83 1
1 99 2 165 1
1 268 2 224 1
1 84 2 79 1
1 114 2 174 1
1 141 2 28 1
1 142 2 271 1
1 214 2 182 1
1 68 2 70 1
1 120 2 39 1
1 42 2 46 1
1 44 2 169 1
1 197 2 124 1
1 13 2 256 1
1 86 2 115 1
1 210 2 139 1
1 204 2 25 1
1 259 2 117 1
1 56 2 64 1
1 61 2 109 1
1 27 2 82 1
1 81 2 178 1
1 166 2 136 1
1 218 2 1 1
1 103 2 66 1
1 16 2 35 1
1 99 2 233 1
1 268 2 84 1
1 114 2 141 1
1 214 2 142 1
1 120 2 68 1
1 42 2 44 1
1 155 2 197 1
1 86 2 13 1
1 204 2 210 1
1 56 2 259 1
1 27 2 61 1
1 81 2 166 1
1 218 2 103 1
1 16 2 99 1
1 268 2 114 1
1 120 2 214 1
1 155 2 42 1
1 204 2 86 1
1 27 2 56 1
1 81 2 218 1
1 16 2 268 1
1 120 2 155 1
1 27 2 204 1
1 81 2 16 1
1 27 2 120 1
1 27 2 81 1
1 81 2 54 1
1 235 2 131 1
1 136 2 26 1
1 138 2 213 1
1 103 2 127 1
1 53 2 173 1
1 84 2 1 1
1 171 2 208 1
1 61 2 121 1
1 85 2 140 1
1 187 2 82 1
1 178 2 105 1
1 15 2 169 1
1 268 2 119 1
1 259 2 141 1
1 134 2 96 1
1 70 2 14 1
1 142 2 150 1
1 222 2 83 1
1 174 2 13 1
1 188 2 11 1
1 45 2 18 1
1 155 2 69 1
1 220 2 78 1
1 99 2 132 1
1 256 2 157 1
1 86 2 223 1
1 19 2 20 1
1 32 2 166 1
1 79 2 22 1
1 93 2 71 1
1 81 2 235 1
1 136 2 138 1
1 103 2 53 1
1 171 2 84 1
1 85 2 61 1
1 178 2 187 1
1 268 2 15 1
1 259 2 134 1
1 142 2 70 1
1 174 2 222 1
1 182 2 188 1
1 155 2 45 1
1 220 2 99 1
1 86 2 256 1
1 32 2 19 1
1 93 2 79 1
1 81 2 136 1
1 103 2 171 1
1 178 2 85 1
1 268 2 259 1
1 174 2 142 1
1 155 2 182 1
1 220 2 86 1
1 93 2 32 1
1 103 2 81 1
1 178 2 268 1
1 155 2 174 1
1 93 2 220 1
1 103 2 178 1
1 155 2 93 1
1 155 2 103 1
1 120 2 247 1
1 42 2 166 1
1 80 2 20 1
1 197 2 246 1
1 86 2 117 1
1 260 2 202 1
1 169 2 318 1
1 79 2 162 1
1 233 2 87 1
1 9 2 139 1
1 186 2 64 1
1 158 2 263 1
1 214 2 227 1
1 44 2 15 1
1 78 2 404 1
1 56 2 411 1
1 120 2 42 1
1 197 2 80 1
1 86 2 260 1
1 169 2 79 1
1 233 2 9 1
1 158 2 186 1
1 44 2 214 1
1 56 2 78 1
1 120 2 197 1
1 86 2 169 1
1 158 2 233 1
1 44 2 56 1
1 120 2 86 1
1 158 2 44 1
1 158 2 120 1
1 129 2 186 1
1 214 2 45 1
1 86 2 42 1
1 224 2 115 1
1 233 2 112 1
1 260 2 231 1
1 61 2 75 1
1 143 2 28 1
1 4 2 16 1
1 44 2 11 1
1 225 2 32 1
1 162 2 9 1
1 120 2 39 1
1 197 2 204 1
1 99 2 247 1
1 218 2 64 1
1 214 2 129 1
1 224 2 86 1
1 260 2 233 1
1 143 2 61 1
1 44 2 4 1
1 225 2 162 1
1 120 2 197 1
1 99 2 218 1
1 224 2 214 1
1 143 2 260 1
1 225 2 44 1
1 120 2 99 1
1 224 2 143 1
1 225 2 120 1
1 224 2 225 1
1 16 2 54 1
1 155 2 271 1
1 53 2 82 1
1 180 2 172 1
1 145 2 199 1
1 134 2 71 1
1 35 2 235 1
1 68 2 249 1
1 30 2 237 1
1 14 2 73 1
1 1 2 19 1
1 174 2 47 1
1 187 2 29 1
1 127 2 84 1
1 184 2 146 1
1 27 2 264 1
1 155 2 16 1
1 53 2 180 1
1 134 2 145 1
1 35 2 68 1
1 30 2 14 1
1 1 2 174 1
1 127 2 187 1
1 27 2 184 1
1 155 2 53 1
1 134 2 35 1
1 30 2 1 1
1 127 2 27 1
1 155 2 134 1
1 30 2 127 1
1 155 2 30 1
1 224 2 165 1
1 25 2 121 1
1 229 2 39 1
1 213 2 244 1
1 56 2 237 1
1 258 2 118 1
1 32 2 247 1
1 126 2 36 1
1 11 2 212 1
1 197 2 54 1
1 231 2 33 1
1 254 2 86 1
1 61 2 235 1
1 267 2 130 1
1 224 2 25 1
1 229 2 213 1
1 56 2 258 1
1 32 2 126 1
1 11 2 197 1
1 231 2 254 1
1 87 2 61 1
1 120 2 267 1
1 224 2 229 1
1 56 2 32 1
1 11 2 231 1
1 120 2 87 1
1 224 2 56 1
1 120 2 11 1
1 224 2 120 1
1 241 2 34 1
1 223 2 192 1
1 142 2 125 1
1 219 2 384 1
1 268 2 55 1
1 136 2 267 1
1 111 2 189 1
1 140 2 94 1
1 213 2 91 1
1 262 2 66 1
1 156 2 254 1
1 105 2 170 1
1 41 2 290 1
1 220 2 168 1
1 131 2 107 1
1 96 2 92 1
1 3 2 398 1
1 25 2 302 1
1 74 2 124 1
1 116 2 347 1
1 243 2 40 1
1 241 2 38 1
1 142 2 223 1
1 136 2 268 1
1 111 2 140 1
1 103 2 213 1
1 262 2 156 1
1 105 2 41 1
1 220 2 131 1
1 96 2 3 1
1 25 2 74 1
1 141 2 232 1
1 215 2 114 1
1 93 2 285 1
1 116 2 243 1
1 241 2 142 1
1 103 2 111 1
1 262 2 105 1
1 220 2 96 1
1 25 2 141 1
1 93 2 215 1
1 116 2 241 1
1 262 2 220 1
1 93 2 25 1
1 262 2 93 1
1 116 2 262 1
1 116 2 213 1
1 84 2 168 1
1 32 2 61 1
1 182 2 131 1
1 247 2 162 1
1 268 2 135 1
1 224 2 127 1
1 169 2 228 1
1 16 2 186 1
1 231 2 121 1
1 103 2 211 1
1 44 2 243 1
1 120 2 220 1
1 208 2 96 1
1 252 2 254 1
1 53 2 139 1
1 140 2 58 1
1 112 2 87 1
1 64 2 410 1
1 249 2 157 1
1 119 2 237 1
1 3 2 20 1
1 28 2 71 1
1 260 2 212 1
1 95 2 45 1
1 197 2 204 1
1 160 2 26 1
1 233 2 99 1
1 50 2 11 1
1 124 2 174 1
1 138 2 223 1
1 81 2 381 1
1 116 2 84 1
1 32 2 182 1
1 247 2 268 1
1 224 2 169 1
1 16 2 231 1
1 44 2 103 1
1 120 2 208 1
1 252 2 53 1
1 112 2 140 1
1 249 2 64 1
1 3 2 119 1
1 28 2 260 1
1 197 2 95 1
1 160 2 233 1
1 124 2 50 1
1 81 2 138 1
1 116 2 32 1
1 224 2 247 1
1 16 2 44 1
1 252 2 120 1
1 249 2 112 1
1 28 2 3 1
1 197 2 160 1
1 81 2 124 1
1 224 2 116 1
1 252 2 16 1
1 249 2 28 1
1 197 2 81 1
1 252 2 224 1
1 249 2 197 1
1 249 2 252 1
1 81 2 20 1
1 208 2 175 1
1 224 2 87 1
1 23 2 231 1
1 99 2 242 1
1 30 2 180 1
1 249 2 1 1
1 268 2 178 1
1 77 2 112 1
1 61 2 39 1
1 259 2 271 1
1 93 2 95 1
1 142 2 96 1
1 174 2 68 1
1 19 2 184 1
1 16 2 56 1
1 208 2 81 1
1 224 2 23 1
1 99 2 30 1
1 249 2 268 1
1 61 2 77 1
1 93 2 259 1
1 174 2 142 1
1 16 2 19 1
1 208 2 224 1
1 249 2 99 1
1 93 2 61 1
1 16 2 174 1
1 249 2 208 1
1 16 2 93 1
1 249 2 16 1
1 210 2 282 1
1 182 2 178 1
1 141 2 398 1
1 174 2 150 1
1 221 2 37 1
1 1 2 73 1
1 85 2 138 1
1 27 2 160 1
1 134 2 79 1
1 46 2 100 1
1 202 2 108 1
1 258 2 124 1
1 265 2 13 1
1 208 2 171 1
1 142 2 351 1
1 82 2 358 1
1 103 2 410 1
1 268 2 379 1
1 96 2 117 1
1 93 2 236 1
1 259 2 407 1
1 99 2 414 1
1 172 2 256 1
1 20 2 95 1
1 229 2 255 1
1 155 2 161 1
1 81 2 210 1
1 182 2 141 1
1 174 2 221 1
1 1 2 85 1
1 134 2 46 1
1 61 2 202 1
1 258 2 265 1
1 142 2 208 1
1 103 2 82 1
1 84 2 268 1
1 93 2 96 1
1 99 2 259 1
1 172 2 20 1
1 155 2 229 1
1 81 2 182 1
1 1 2 174 1
1 27 2 134 1
1 61 2 258 1
1 103 2 142 1
1 93 2 84 1
1 99 2 136 1
1 155 2 172 1
1 1 2 81 1
1 27 2 61 1
1 103 2 93 1
1 99 2 155 1
1 1 2 27 1
1 103 2 99 1
1 103 2 1 1
1 262 2 9 1
1 11 2 4 1
1 75 2 5 1
1 112 2 164 1
1 224 2 208 1
1 39 2 243 1
1 45 2 260 1
1 228 2 226 1
1 95 2 216 1
1 218 2 115 1
1 96 2 207 1
1 32 2 241 1
1 204 2 31 1
1 166 2 173 1
1 3 2 236 1
1 99 2 175 1
1 11 2 262 1
1 75 2 112 1
1 224 2 39 1
1 228 2 45 1
1 218 2 95 1
1 32 2 96 1
1 204 2 166 1
1 99 2 3 1
1 75 2 11 1
1 224 2 228 1
1 218 2 32 1
1 204 2 99 1
1 224 2 75 1
1 204 2 218 1
1 204 2 224 1
1 162 2 9 1
1 42 2 177 1
1 61 2 169 1
1 120 2 78 1
1 186 2 139 1
1 270 2 117 1
1 246 2 20 1
1 56 2 44 1
1 233 2 80 1
1 158 2 79 1
1 260 2 179 1
1 166 2 64 1
1 214 2 263 1
1 254 2 227 1
1 87 2 247 1
1 197 2 86 1
1 162 2 42 1
1 120 2 61 1
1 186 2 270 1
1 56 2 246 1
1 233 2 158 1
1 166 2 260 1
1 214 2 254 1
1 197 2 87 1
1 120 2 162 1
1 56 2 186 1
1 233 2 166 1
1 214 2 197 1
1 56 2 120 1
1 233 2 214 1
1 56 2 233 1
1 14 2 155 1
1 150 2 157 1
1 119 2 79 1
1 45 2 100 1
1 61 2 365 1
1 19 2 126 1
1 11 2 85 1
1 172 2 51 1
1 204 2 160 1
1 161 2 136 1
1 47 2 213 1
1 68 2 53 1
1 171 2 243 1
1 146 2 256 1
1 255 2 182 1
1 81 2 83 1
1 137 2 242 1
1 210 2 69 1
1 15 2 223 1
1 103 2 268 1
1 10 2 135 1
1 139 2 22 1
1 187 2 385 1
1 120 2 342 1
1 87 2 90 1
1 21 2 241 1
1 109 2 70 1
1 174 2 357 1
1 264 2 198 1
1 184 2 186 1
1 250 2 28 1
1 64 2 142 1
1 238 2 63 1
1 37 2 78 1
1 3 2 175 1
1 121 2 134 1
1 166 2 343 1
1 199 2 336 1
1 224 2 124 1
1 13 2 71 1
1 271 2 296 1
1 131 2 212 1
1 99 2 97 1
1 1 2 221 1
1 58 2 169 1
1 178 2 140 1
1 93 2 20 1
1 220 2 376 1
1 180 2 231 1
1 247 2 400 1
1 32 2 26 1
1 84 2 95 1
1 77 2 202 1
1 235 2 46 1
1 86 2 96 1
1 127 2 67 1
1 208 2 197 1
1 138 2 132 1
1 233 2 379 1
1 254 2 18 1
1 196 2 219 1
1 27 2 173 1
1 14 2 150 1
1 45 2 119 1
1 61 2 19 1
1 172 2 11 1
1 204 2 161 1
1 68 2 171 1
1 146 2 255 1
1 81 2 137 1
1 210 2 15 1
1 103 2 10 1
1 187 2 139 1
1 120 2 87 1
1 21 2 109 1
1 174 2 264 1
1 184 2 250 1
1 64 2 238 1
1 37 2 3 1
1 121 2 166 1
1 224 2 199 1
1 271 2 13 1
1 99 2 131 1
1 1 2 58 1
1 93 2 178 1
1 220 2 180 1
1 32 2 247 1
1 77 2 84 1
1 86 2 235 1
1 208 2 127 1
1 233 2 138 1
1 117 2 254 1
1 27 2 196 1
1 14 2 45 1
1 61 2 172 1
1 204 2 47 1
1 68 2 146 1
1 81 2 210 1
1 103 2 187 1
1 120 2 21 1
1 174 2 184 1
1 64 2 37 1
1 121 2 224 1
1 99 2 271 1
1 1 2 93 1
1 32 2 220 1
1 86 2 77 1
1 233 2 208 1
1 27 2 117 1
1 61 2 14 1
1 204 2 68 1
1 81 2 103 1
1 174 2 120 1
1 121 2 64 1
1 1 2 99 1
1 86 2 32 1
1 27 2 233 1
1 61 2 204 1
1 81 2 174 1
1 1 2 121 1
1 27 2 86 1
1 81 2 61 1
1 27 2 1 1
1 27 2 81 1
1 136 2 188 1
1 161 2 400 1
1 18 2 23 1
1 140 2 359 1
1 157 2 173 1
1 171 2 109 1
1 202 2 410 1
1 256 2 160 1
1 46 2 299 1
1 264 2 13 1
1 83 2 307 1
1 137 2 219 1
1 119 2 407 1
1 268 2 150 1
1 69 2 85 1
1 136 2 161 1
1 140 2 18 1
1 171 2 157 1
1 202 2 256 1
1 100 2 46 1
1 264 2 83 1
1 137 2 119 1
1 77 2 135 1
1 21 2 187 1
1 93 2 132 1
1 155 2 358 1
1 268 2 69 1
1 136 2 140 1
1 171 2 202 1
1 100 2 264 1
1 137 2 77 1
1 93 2 21 1
1 155 2 268 1
1 171 2 136 1
1 100 2 137 1
1 155 2 171 1
1 93 2 100 1
1 93 2 155 1
1 79 2 140 1
1 46 2 345 1
1 124 2 7 1
1 78 2 253 1
1 115 2 196 1
1 79 2 243 1
1 46 2 124 1
1 66 2 78 1
1 45 2 115 1
1 46 2 79 1
1 66 2 45 1
1 46 2 66 1
1 103 2 268 1
1 111 2 41 1
1 140 2 5 1
1 220 2 219 1
1 38 2 223 1
1 74 2 40 1
1 105 2 141 1
1 116 2 55 1
1 124 2 142 1
1 103 2 111 1
1 220 2 38 1
1 105 2 74 1
1 25 2 136 1
1 262 2 92 1
1 116 2 124 1
1 220 2 105 1
1 262 2 25 1
1 116 2 103 1
1 262 2 220 1
1 262 2 116 1
1 204 2 226 1
1 225 2 11 1
1 32 2 115 1
1 4 2 216 1
1 99 2 45 1
1 208 2 31 1
1 39 2 74 1
1 3 2 243 1
1 101 2 232 1
1 95 2 419 1
1 218 2 241 1
1 207 2 25 1
1 224 2 119 1
1 175 2 96 1
1 75 2 341 1
1 112 2 132 1
1 225 2 204 1
1 4 2 32 1
1 208 2 99 1
1 3 2 39 1
1 95 2 101 1
1 218 2 207 1
1 224 2 175 1
1 75 2 112 1
1 4 2 225 1
1 3 2 208 1
1 218 2 95 1
1 224 2 75 1
1 4 2 3 1
1 218 2 224 1
1 218 2 4 1
1 214 2 86 1
1 64 2 75 1
1 186 2 225 1
1 4 2 73 1
1 207 2 145 1
1 32 2 20 1
1 235 2 95 1
1 252 2 53 1
1 214 2 64 1
1 4 2 186 1
1 32 2 207 1
1 252 2 235 1
1 4 2 214 1
1 32 2 252 1
1 32 2 4 1
1 46 2 208 1
1 259 2 26 1
1 68 2 351 1
1 47 2 240 1
1 174 2 210 1
1 161 2 82 1
1 12 2 171 1
1 95 2 150 1
1 184 2 229 1
1 30 2 282 1
1 134 2 368 1
1 154 2 108 1
1 96 2 71 1
1 271 2 244 1
1 141 2 39 1
1 81 2 46 1
1 68 2 268 1
1 47 2 84 1
1 174 2 220 1
1 161 2 166 1
1 61 2 12 1
1 95 2 178 1
1 1 2 30 1
1 99 2 134 1
1 73 2 154 1
1 96 2 142 1
1 136 2 271 1
1 155 2 141 1
1 81 2 259 1
1 47 2 68 1
1 174 2 161 1
1 61 2 95 1
1 184 2 1 1
1 96 2 73 1
1 155 2 136 1
1 81 2 47 1
1 61 2 174 1
1 96 2 155 1
1 61 2 81 1
1 96 2 184 1
1 61 2 96 1
1 116 2 213 1
1 140 2 202 1
1 94 2 267 1
1 268 2 302 1
1 215 2 124 1
1 147 2 156 1
1 105 2 220 1
1 257 2 168 1
1 111 2 219 1
1 38 2 107 1
1 136 2 55 1
1 141 2 92 1
1 189 2 41 1
1 164 2 223 1
1 103 2 131 1
1 116 2 140 1
1 268 2 94 1
1 142 2 215 1
1 105 2 147 1
1 111 2 257 1
1 38 2 136 1
1 141 2 189 1
1 164 2 103 1
1 116 2 268 1
1 142 2 105 1
1 38 2 111 1
1 141 2 164 1
1 116 2 142 1
1 141 2 38 1
1 116 2 141 1
1 155 2 145 1
1 247 2 187 1
1 225 2 31 1
1 32 2 141 1
1 134 2 304 1
1 207 2 424 1
1 129 2 400 1
1 47 2 252 1
1 7 2 54 1
1 53 2 75 1
1 214 2 86 1
1 204 2 136 1
1 82 2 9 1
1 28 2 171 1
1 155 2 247 1
1 225 2 32 1
1 134 2 260 1
1 129 2 207 1
1 47 2 7 1
1 53 2 214 1
1 82 2 204 1
1 143 2 28 1
1 225 2 155 1
1 134 2 129 1
1 47 2 53 1
1 143 2 82 1
1 225 2 134 1
1 47 2 143 1
1 225 2 47 1
1 247 2 129 1
1 165 2 207 1
1 86 2 227 1
1 223 2 140 1
1 43 2 204 1
1 237 2 206 1
1 53 2 214 1
1 225 2 38 1
1 4 2 80 1
1 32 2 28 1
1 260 2 145 1
1 252 2 139 1
1 9 2 29 1
1 44 2 114 1
1 143 2 75 1
1 247 2 165 1
1 86 2 223 1
1 237 2 43 1
1 225 2 53 1
1 32 2 4 1
1 252 2 260 1
1 44 2 9 1
1 86 2 247 1
1 225 2 237 1
1 32 2 252 1
1 86 2 225 1
1 32 2 208 1
1 197 2 207 1
1 120 2 186 1
1 241 2 225 1
1 64 2 95 1
1 86 2 96 1
1 4 2 356 1
1 75 2 3 1
1 32 2 197 1
1 241 2 120 1
1 64 2 86 1
1 75 2 4 1
1 32 2 241 1
1 75 2 64 1
1 32 2 75 1
1 120 2 79 1
1 42 2 64 1
1 158 2 227 1
1 186 2 78 1
1 197 2 263 1
1 157 2 80 1
1 9 2 316 1
1 233 2 247 1
1 56 2 44 1
1 139 2 25 1
1 166 2 260 1
1 214 2 246 1
1 86 2 132 1
1 87 2 169 1
1 117 2 20 1
1 61 2 162 1
1 120 2 42 1
1 158 2 186 1
1 197 2 157 1
1 233 2 9 1
1 56 2 139 1
1 214 2 166 1
1 87 2 86 1
1 61 2 117 1
1 158 2 120 1
1 233 2 197 1
1 56 2 214 1
1 87 2 61 1
1 158 2 233 1
1 56 2 87 1
1 158 2 56 1
1 116 2 75 1
1 220 2 117 1
1 77 2 26 1
1 86 2 259 1
1 96 2 234 1
1 268 2 131 1
1 111 2 235 1
1 249 2 141 1
1 19 2 22 1
1 127 2 41 1
1 30 2 72 1
1 120 2 162 1
1 11 2 184 1
1 42 2 124 1
1 210 2 182 1
1 16 2 258 1
1 260 2 139 1
1 271 2 208 1
1 13 2 335 1
1 44 2 157 1
1 61 2 38 1
1 134 2 391 1
1 27 2 228 1
1 166 2 202 1
1 24 2 267 1
1 225 2 34 1
1 218 2 136 1
1 6 2 52 1
1 121 2 130 1
1 169 2 80 1
1 145 2 20 1
1 174 2 233 1
1 70 2 9 1
1 204 2 64 1
1 158 2 213 1
1 15 2 247 1
1 4 2 28 1
1 93 2 214 1
1 146 2 263 1
1 236 2 317 1
1 68 2 399 1
1 262 2 348 1
1 150 2 33 1
1 82 2 21 1
1 229 2 186 1
1 155 2 23 1
1 32 2 3 1
1 142 2 140 1
1 197 2 112 1
1 224 2 298 1
1 39 2 35 1
1 73 2 223 1
1 99 2 242 1
1 252 2 297 1
1 254 2 37 1
1 237 2 119 1
1 84 2 173 1
1 103 2 79 1
1 56 2 78 1
1 74 2 231 1
1 5 2 25 1
1 81 2 332 1
1 116 2 220 1
1 86 2 96 1
1 268 2 111 1
1 19 2 249 1
1 30 2 127 1
1 11 2 120 1
1 210 2 42 1
1 16 2 260 1
1 271 2 13 1
1 61 2 44 1
1 27 2 166 1
1 225 2 24 1
1 218 2 6 1
1 121 2 169 1
1 174 2 145 1
1 204 2 70 1
1 158 2 15 1
1 93 2 4 1
1 146 2 236 1
1 68 2 262 1
1 82 2 150 1
1 155 2 229 1
1 142 2 32 1
1 224 2 197 1
1 39 2 73 1
1 99 2 252 1
1 237 2 254 1
1 103 2 84 1
1 56 2 74 1
1 81 2 5 1
1 116 2 77 1
1 86 2 268 1
1 30 2 19 1
1 11 2 210 1
1 16 2 271 1
1 61 2 134 1
1 27 2 225 1
1 218 2 121 1
1 204 2 174 1
1 93 2 158 1
1 68 2 146 1
1 155 2 82 1
1 142 2 224 1
1 99 2 39 1
1 103 2 237 1
1 81 2 56 1
1 116 2 86 1
1 11 2 30 1
1 61 2 16 1
1 27 2 218 1
1 93 2 204 1
1 155 2 68 1
1 99 2 142 1
1 81 2 103 1
1 116 2 11 1
1 27 2 61 1
1 155 2 93 1
1 81 2 99 1
1 116 2 27 1
1 155 2 81 1
1 155 2 116 1
1 120 2 246 1
1 64 2 166 1
1 214 2 353 1
1 79 2 122 1
1 56 2 78 1
1 44 2 9 1
1 86 2 80 1
1 20 2 139 1
1 117 2 87 1
1 165 2 186 1
1 260 2 247 1
1 233 2 227 1
1 191 2 61 1
1 197 2 169 1
1 158 2 263 1
1 42 2 162 1
1 120 2 64 1
1 214 2 79 1
1 44 2 56 1
1 86 2 20 1
1 117 2 165 1
1 260 2 233 1
1 197 2 191 1
1 158 2 42 1
1 120 2 214 1
1 86 2 44 1
1 117 2 260 1
1 158 2 197 1
1 86 2 120 1
1 117 2 158 1
1 86 2 117 1
1 218 2 207 1
1 31 2 33 1
1 3 2 96 1
1 112 2 424 1
1 39 2 175 1
1 32 2 216 1
1 45 2 43 1
1 204 2 228 1
1 11 2 99 1
1 254 2 182 1
1 4 2 95 1
1 208 2 225 1
1 262 2 115 1
1 241 2 273 1
1 243 2 389 1
1 224 2 75 1
1 218 2 31 1
1 112 2 3 1
1 32 2 39 1
1 204 2 45 1
1 11 2 254 1
1 4 2 208 1
1 262 2 241 1
1 224 2 243 1
1 218 2 112 1
1 32 2 204 1
1 11 2 4 1
1 262 2 224 1
1 218 2 32 1
1 262 2 11 1
1 218 2 262 1
1 103 2 182 1
1 20 2 157 1
1 150 2 166 1
1 208 2 220 1
1 11 2 322 1
1 85 2 22 1
1 45 2 256 1
1 141 2 78 1
1 28 2 83 1
1 96 2 275 1
1 68 2 188 1
1 250 2 247 1
1 127 2 26 1
1 169 2 121 1
1 99 2 237 1
1 103 2 20 1
1 208 2 150 1
1 85 2 11 1
1 45 2 141 1
1 84 2 28 1
1 68 2 96 1
1 250 2 127 1
1 99 2 169 1
1 103 2 208 1
1 45 2 85 1
1 68 2 84 1
1 99 2 250 1
1 103 2 45 1
1 99 2 68 1
1 99 2 103 1
1 213 2 103 1
1 268 2 124 1
1 220 2 284 1
1 25 2 267 1
1 105 2 157 1
1 131 2 92 1
1 136 2 40 1
1 125 2 168 1
1 111 2 347 1
1 20 2 232 1
1 142 2 189 1
1 94 2 140 1
1 76 2 91 1
1 55 2 46 1
1 116 2 223 1
1 268 2 213 1
1 220 2 38 1
1 25 2 105 1
1 136 2 131 1
1 125 2 111 1
1 142 2 20 1
1 76 2 94 1
1 55 2 116 1
1 220 2 268 1
1 25 2 136 1
1 142 2 125 1
1 76 2 55 1
1 25 2 220 1
1 76 2 142 1
1 25 2 76 1
1 81 2 259 1
1 112 2 315 1
1 268 2 136 1
1 54 2 66 1
1 86 2 109 1
1 23 2 256 1
1 85 2 44 1
1 271 2 140 1
1 155 2 173 1
1 267 2 186 1
1 61 2 21 1
1 134 2 17 1
1 224 2 83 1
1 13 2 208 1
1 99 2 74 1
1 39 2 235 1
1 96 2 290 1
1 204 2 17 1
1 20 2 131 1
1 150 2 260 1
1 93 2 58 1
1 84 2 182 1
1 229 2 32 1
1 139 2 331 1
1 120 2 124 1
1 165 2 100 1
1 25 2 46 1
1 78 2 22 1
1 16 2 171 1
1 81 2 112 1
1 268 2 54 1
1 23 2 86 1
1 271 2 85 1
1 155 2 267 1
1 61 2 134 1
1 224 2 13 1
1 99 2 258 1
1 174 2 39 1
1 204 2 96 1
1 20 2 150 1
1 229 2 84 1
1 120 2 139 1
1 165 2 25 1
1 16 2 78 1
1 81 2 268 1
1 271 2 23 1
1 155 2 61 1
1 99 2 224 1
1 204 2 174 1
1 93 2 20 1
1 120 2 229 1
1 16 2 165 1
1 81 2 271 1
1 99 2 155 1
1 93 2 204 1
1 16 2 120 1
1 81 2 99 1
1 93 2 16 1
1 81 2 93 1
1 136 2 157 1
1 46 2 63 1
1 222 2 18 1
1 26 2 268 1
1 160 2 359 1
1 196 2 119 1
1 58 2 167 1
1 250 2 70 1
1 184 2 400 1
1 2 2 187 1
1 19 2 77 1
1 155 2 100 1
1 21 2 22 1
1 171 2 202 1
1 136 2 342 1
1 46 2 222 1
1 26 2 160 1
1 58 2 196 1
1 184 2 250 1
1 19 2 2 1
1 83 2 358 1
1 132 2 69 1
1 93 2 13 1
1 155 2 21 1
1 136 2 46 1
1 184 2 58 1
1 19 2 256 1
1 173 2 83 1
1 93 2 132 1
1 155 2 171 1
1 136 2 26 1
1 19 2 184 1
1 93 2 173 1
1 136 2 155 1
1 93 2 19 1
1 93 2 136 1
1 16 2 158 1
1 120 2 224 1
1 27 2 204 1
1 218 2 86 1
1 16 2 120 1
1 27 2 218 1
1 16 2 27 1
1 63 2 95 1
1 26 2 21 1
1 83 2 160 1
1 70 2 289 1
1 100 2 212 1
1 68 2 51 1
1 184 2 221 1
1 173 2 46 1
1 8 2 13 1
1 85 2 77 1
1 59 2 196 1
1 69 2 342 1
1 155 2 238 1
1 63 2 171 1
1 83 2 26 1
1 187 2 70 1
1 68 2 100 1
1 184 2 173 1
1 8 2 58 1
1 85 2 59 1
1 155 2 69 1
1 83 2 63 1
1 68 2 187 1
1 184 2 8 1
1 155 2 85 1
1 68 2 83 1
1 155 2 184 1
1 155 2 68 1
1 39 2 19 1
1 127 2 226 1
1 231 2 3 1
1 186 2 30 1
1 260 2 172 1
1 35 2 139 1
1 56 2 225 1
1 228 2 178 1
1 53 2 271 1
1 47 2 235 1
1 87 2 263 1
1 32 2 75 1
1 169 2 216 1
1 42 2 14 1
1 112 2 199 1
1 158 2 78 1
1 80 2 73 1
1 16 2 246 1
1 174 2 182 1
1 31 2 82 1
1 27 2 241 1
1 214 2 64 1
1 44 2 146 1
1 207 2 11 1
1 233 2 227 1
1 95 2 115 1
1 61 2 1 1
1 120 2 117 1
1 249 2 134 1
1 262 2 175 1
1 204 2 29 1
1 39 2 127 1
1 186 2 231 1
1 260 2 35 1
1 228 2 56 1
1 53 2 47 1
1 32 2 87 1
1 42 2 169 1
1 112 2 158 1
1 16 2 80 1
1 31 2 174 1
1 247 2 84 1
1 99 2 243 1
1 208 2 81 1
1 237 2 96 1
1 224 2 180 1
1 54 2 166 1
1 162 2 9 1
1 252 2 45 1
1 86 2 79 1
1 4 2 20 1
1 197 2 218 1
1 214 2 27 1
1 44 2 207 1
1 95 2 233 1
1 120 2 61 1
1 262 2 249 1
1 204 2 39 1
1 186 2 260 1
1 228 2 53 1
1 32 2 42 1
1 16 2 112 1
1 247 2 31 1
1 99 2 208 1
1 237 2 224 1
1 162 2 54 1
1 252 2 86 1
1 197 2 4 1
1 44 2 214 1
1 120 2 95 1
1 262 2 204 1
1 186 2 228 1
1 16 2 32 1
1 99 2 247 1
1 162 2 237 1
1 252 2 197 1
1 120 2 44 1
1 262 2 186 1
1 99 2 16 1
1 162 2 252 1
1 262 2 120 1
1 162 2 99 1
1 162 2 262 1
1 190 2 328 1
1 221 2 43 1
1 65 2 360 1
1 217 2 122 1
1 85 2 413 1
1 49 2 390 1
1 126 2 7 1
1 181 2 400 1
1 29 2 420 1
1 241 2 422 1
1 88 2 40 1
1 104 2 206 1
1 194 2 323 1
1 128 2 211 1
1 255 2 306 1
1 143 2 190 1
1 221 2 145 1
1 207 2 65 1
1 39 2 217 1
1 208 2 85 1
1 49 2 159 1
1 237 2 126 1
1 225 2 181 1
1 252 2 29 1
1 241 2 53 1
1 31 2 88 1
1 104 2 80 1
1 75 2 194 1
1 128 2 45 1
1 127 2 255 1
1 118 2 233 1
1 143 2 221 1
1 207 2 39 1
1 49 2 208 1
1 225 2 237 1
1 252 2 241 1
1 31 2 104 1
1 128 2 75 1
1 127 2 118 1
1 207 2 143 1
1 225 2 49 1
1 252 2 31 1
1 128 2 127 1
1 225 2 207 1
1 128 2 252 1
1 225 2 128 1
1 143 2 130 1
1 75 2 126 1
1 139 2 28 1
1 197 2 114 1
1 227 2 140 1
1 170 2 80 1
1 223 2 7 1
1 86 2 65 1
1 44 2 400 1
1 4 2 43 1
1 89 2 207 1
1 225 2 237 1
1 32 2 145 1
1 33 2 165 1
1 247 2 29 1
1 53 2 204 1
1 75 2 143 1
1 197 2 139 1
1 170 2 227 1
1 86 2 223 1
1 44 2 4 1
1 225 2 89 1
1 32 2 33 1
1 53 2 247 1
1 197 2 75 1
1 86 2 170 1
1 44 2 225 1
1 32 2 53 1
1 86 2 197 1
1 32 2 44 1
1 32 2 86 1
1 155 2 122 1
1 136 2 145 1
1 204 2 9 1
1 206 2 47 1
1 143 2 223 1
1 228 2 207 1
1 225 2 252 1
1 28 2 187 1
1 53 2 248 1
1 32 2 31 1
1 165 2 171 1
1 129 2 114 1
1 123 2 38 1
1 247 2 86 1
1 237 2 134 1
1 249 2 212 1
1 136 2 155 1
1 204 2 206 1
1 228 2 143 1
1 28 2 225 1
1 32 2 53 1
1 129 2 165 1
1 247 2 123 1
1 249 2 237 1
1 204 2 136 1
1 228 2 28 1
1 32 2 129 1
1 247 2 249 1
1 228 2 204 1
1 247 2 32 1
1 247 2 228 1
1 155 2 171 1
1 114 2 17 1
1 122 2 393 1
1 247 2 394 1
1 54 2 400 1
1 165 2 227 1
1 53 2 235 1
1 187 2 98 1
1 87 2 134 1
1 212 2 293 1
1 145 2 17 1
1 130 2 248 1
1 136 2 223 1
1 47 2 229 1
1 260 2 207 1
1 155 2 114 1
1 247 2 122 1
1 165 2 53 1
1 87 2 187 1
1 145 2 212 1
1 136 2 130 1
1 260 2 47 1
1 155 2 247 1
1 145 2 87 1
1 260 2 136 1
1 155 2 165 1
1 260 2 145 1
1 260 2 155 1
1 129 2 30 1
1 80 2 207 1
1 64 2 20 1
1 11 2 94 1
1 39 2 233 1
1 9 2 235 1
1 52 2 166 1
1 28 2 405 1
1 16 2 175 1
1 237 2 71 1
1 112 2 214 1
1 86 2 115 1
1 162 2 246 1
1 186 2 45 1
1 78 2 213 1
1 120 2 208 1
1 42 2 54 1
1 158 2 267 1
1 260 2 216 1
1 197 2 224 1
1 44 2 131 1
1 169 2 29 1
1 243 2 225 1
1 143 2 138 1
1 99 2 119 1
1 121 2 157 1
1 95 2 212 1
1 93 2 247 1
1 31 2 204 1
1 32 2 182 1
1 145 2 75 1
1 218 2 96 1
1 129 2 80 1
1 64 2 11 1
1 39 2 9 1
1 28 2 52 1
1 16 2 237 1
1 86 2 112 1
1 162 2 186 1
1 120 2 78 1
1 42 2 158 1
1 260 2 197 1
1 44 2 169 1
1 143 2 243 1
1 121 2 99 1
1 93 2 95 1
1 32 2 31 1
1 218 2 145 1
1 129 2 64 1
1 28 2 39 1
1 16 2 86 1
1 120 2 162 1
1 260 2 42 1
1 143 2 44 1
1 93 2 121 1
1 218 2 32 1
1 129 2 28 1
1 120 2 16 1
1 143 2 260 1
1 93 2 218 1
1 120 2 129 1
1 93 2 143 1
1 120 2 93 1
1 224 2 241 1
1 75 2 311 1
1 225 2 40 1
1 99 2 419 1
1 11 2 243 1
1 216 2 165 1
1 125 2 115 1
1 32 2 175 1
1 204 2 226 1
1 95 2 45 1
1 179 2 207 1
1 96 2 112 1
1 4 2 288 1
1 31 2 411 1
1 208 2 72 1
1 218 2 182 1
1 224 2 75 1
1 99 2 225 1
1 11 2 216 1
1 32 2 125 1
1 204 2 95 1
1 96 2 179 1
1 31 2 4 1
1 218 2 208 1
1 224 2 99 1
1 11 2 32 1
1 204 2 96 1
1 218 2 31 1
1 224 2 11 1
1 204 2 218 1
1 204 2 224 1
1 68 2 132 1
1 119 2 46 1
1 187 2 18 1
1 21 2 219 1
1 184 2 69 1
1 250 2 70 1
1 173 2 157 1
1 171 2 222 1
1 109 2 160 1
1 256 2 167 1
1 268 2 342 1
1 85 2 357 1
1 100 2 289 1
1 58 2 26 1
1 155 2 202 1
1 57 2 359 1
1 150 2 83 1
1 133 2 400 1
1 119 2 68 1
1 21 2 187 1
1 184 2 250 1
1 77 2 173 1
1 109 2 171 1
1 268 2 256 1
1 100 2 85 1
1 63 2 58 1
1 13 2 344 1
1 135 2 358 1
1 93 2 23 1
1 155 2 57 1
1 150 2 133 1
1 119 2 21 1
1 184 2 77 1
1 268 2 109 1
1 63 2 100 1
1 93 2 135 1
1 155 2 150 1
1 119 2 184 1
1 268 2 63 1
1 93 2 13 1
1 155 2 119 1
1 93 2 268 1
1 93 2 155 1
1 129 2 284 1
1 94 2 122 1
1 60 2 25 1
1 28 2 419 1
1 72 2 121 1
1 124 2 283 1
1 143 2 212 1
1 129 2 94 1
1 60 2 28 1
1 72 2 220 1
1 143 2 124 1
1 60 2 129 1
1 143 2 72 1
1 143 2 60 1
1 116 2 286 1
1 38 2 219 1
1 40 2 125 1
1 213 2 140 1
1 105 2 223 1
1 268 2 267 1
1 220 2 424 1
1 142 2 131 1
1 215 2 124 1
1 55 2 92 1
1 136 2 74 1
1 91 2 170 1
1 254 2 65 1
1 103 2 107 1
1 116 2 38 1
1 111 2 40 1
1 213 2 105 1
1 268 2 220 1
1 142 2 215 1
1 136 2 55 1
1 41 2 91 1
1 103 2 254 1
1 116 2 111 1
1 268 2 213 1
1 136 2 142 1
1 103 2 41 1
1 116 2 268 1
1 103 2 136 1
1 116 2 103 1
1 111 2 165 1
1 92 2 347 1
1 220 2 91 1
1 223 2 384 1
1 141 2 34 1
1 131 2 254 1
1 124 2 38 1
1 94 2 105 1
1 116 2 189 1
1 111 2 219 1
1 220 2 92 1
1 142 2 223 1
1 141 2 131 1
1 124 2 94 1
1 25 2 232 1
1 136 2 268 1
1 116 2 111 1
1 142 2 220 1
1 141 2 124 1
1 25 2 136 1
1 116 2 142 1
1 25 2 141 1
1 116 2 25 1
1 218 2 208 1
1 3 2 75 1
1 207 2 60 1
1 99 2 138 1
1 112 2 96 1
1 243 2 182 1
1 228 2 353 1
1 262 2 225 1
1 204 2 45 1
1 226 2 175 1
1 11 2 115 1
1 32 2 39 1
1 4 2 95 1
1 31 2 258 1
1 216 2 165 1
1 224 2 241 1
1 218 2 3 1
1 99 2 207 1
1 112 2 243 1
1 262 2 228 1
1 204 2 226 1
1 32 2 11 1
1 31 2 4 1
1 224 2 216 1
1 218 2 99 1
1 262 2 112 1
1 32 2 204 1
1 224 2 31 1
1 262 2 218 1
1 224 2 32 1
1 262 2 224 1
1 246 2 162 1
1 260 2 79 1
1 169 2 227 1
1 197 2 139 1
1 158 2 214 1
1 20 2 87 1
1 56 2 61 1
1 186 2 166 1
1 44 2 80 1
1 42 2 144 1
1 117 2 263 1
1 64 2 247 1
1 86 2 78 1
1 9 2 369 1
1 120 2 90 1
1 260 2 246 1
1 169 2 197 1
1 158 2 20 1
1 56 2 186 1
1 42 2 44 1
1 117 2 64 1
1 86 2 233 1
1 120 2 9 1
1 260 2 169 1
1 56 2 158 1
1 42 2 117 1
1 120 2 86 1
1 56 2 260 1
1 120 2 42 1
1 120 2 56 1
1 27 2 73 1
1 53 2 396 1
1 19 2 174 1
1 35 2 180 1
1 127 2 235 1
1 237 2 54 1
1 30 2 84 1
1 47 2 330 1
1 172 2 199 1
1 29 2 71 1
1 134 2 373 1
1 82 2 231 1
1 16 2 271 1
1 27 2 53 1
1 19 2 14 1
1 35 2 127 1
1 30 2 237 1
1 47 2 145 1
1 172 2 29 1
1 146 2 134 1
1 16 2 82 1
1 27 2 19 1
1 35 2 30 1
1 172 2 47 1
1 16 2 146 1
1 27 2 35 1
1 16 2 172 1
1 16 2 27 1
1 249 2 66 1
1 146 2 130 1
1 180 2 54 1
1 29 2 73 1
1 1 2 35 1
1 30 2 25 1
1 271 2 71 1
1 16 2 47 1
1 174 2 235 1
1 178 2 53 1
1 34 2 252 1
1 145 2 127 1
1 112 2 82 1
1 80 2 231 1
1 134 2 237 1
1 27 2 84 1
1 249 2 146 1
1 29 2 180 1
1 1 2 30 1
1 16 2 271 1
1 174 2 178 1
1 145 2 34 1
1 112 2 80 1
1 27 2 134 1
1 249 2 29 1
1 16 2 1 1
1 145 2 174 1
1 27 2 112 1
1 16 2 249 1
1 27 2 145 1
1 27 2 16 1
1 16 2 54 1
1 271 2 127 1
1 106 2 1 1
1 35 2 53 1
1 174 2 178 1
1 73 2 146 1
1 47 2 26 1
1 145 2 281 1
1 249 2 19 1
1 84 2 235 1
1 134 2 59 1
1 237 2 29 1
1 71 2 222 1
1 14 2 172 1
1 242 2 27 1
1 16 2 271 1
1 35 2 106 1
1 174 2 73 1
1 47 2 145 1
1 249 2 180 1
1 134 2 84 1
1 71 2 237 1
1 242 2 14 1
1 16 2 35 1
1 174 2 47 1
1 249 2 134 1
1 71 2 242 1
1 16 2 174 1
1 249 2 71 1
1 16 2 249 1
1 218 2 216 1
1 262 2 241 1
1 4 2 96 1
1 243 2 138 1
1 207 2 153 1
1 99 2 208 1
1 39 2 204 1
1 175 2 67 1
1 3 2 115 1
1 112 2 75 1
1 31 2 95 1
1 225 2 32 1
1 182 2 37 1
1 224 2 45 1
1 218 2 226 1
1 262 2 11 1
1 243 2 4 1
1 207 2 99 1
1 39 2 175 1
1 3 2 112 1
1 31 2 225 1
1 224 2 182 1
1 218 2 262 1
1 243 2 207 1
1 39 2 3 1
1 224 2 31 1
1 218 2 243 1
1 39 2 224 1
1 218 2 39 1
1 81 2 223 1
1 70 2 169 1
1 85 2 140 1
1 96 2 172 1
1 131 2 53 1
1 188 2 157 1
1 187 2 141 1
1 103 2 105 1
1 84 2 20 1
1 54 2 268 1
1 142 2 71 1
1 82 2 237 1
1 119 2 138 1
1 235 2 83 1
1 93 2 259 1
1 81 2 70 1
1 85 2 96 1
1 256 2 131 1
1 188 2 187 1
1 103 2 84 1
1 142 2 54 1
1 82 2 119 1
1 93 2 235 1
1 81 2 85 1
1 256 2 188 1
1 142 2 103 1
1 93 2 82 1
1 81 2 256 1
1 142 2 93 1
1 81 2 142 1
1 210 2 173 1
1 100 2 63 1
1 22 2 161 1
1 153 2 385 1
1 183 2 69 1
1 264 2 132 1
1 266 2 311 1
1 37 2 344 1
1 51 2 18 1
1 140 2 150 1
1 110 2 280 1
1 109 2 255 1
1 199 2 167 1
1 160 2 407 1
1 53 2 210 1
1 100 2 71 1
1 77 2 289 1
1 256 2 22 1
1 180 2 153 1
1 183 2 119 1
1 83 2 264 1
1 46 2 266 1
1 96 2 37 1
1 51 2 20 1
1 135 2 110 1
1 109 2 157 1
1 21 2 199 1
1 68 2 160 1
1 53 2 100 1
1 256 2 77 1
1 180 2 183 1
1 46 2 83 1
1 96 2 51 1
1 109 2 135 1
1 68 2 21 1
1 53 2 256 1
1 180 2 46 1
1 109 2 68 1
1 53 2 180 1
1 96 2 109 1
1 53 2 96 1
1 162 2 78 1
1 169 2 79 1
1 42 2 260 1
1 197 2 117 1
1 233 2 263 1
1 158 2 246 1
1 44 2 48 1
1 186 2 87 1
1 86 2 9 1
1 20 2 247 1
1 214 2 61 1
1 139 2 227 1
1 80 2 417 1
1 64 2 120 1
1 162 2 169 1
1 197 2 42 1
1 233 2 56 1
1 44 2 158 1
1 186 2 166 1
1 86 2 20 1
1 214 2 139 1
1 64 2 80 1
1 162 2 197 1
1 233 2 44 1
1 86 2 186 1
1 64 2 214 1
1 233 2 162 1
1 86 2 64 1
1 86 2 233 1
1 81 2 401 1
1 150 2 254 1
1 271 2 21 1
1 82 2 202 1
1 210 2 262 1
1 256 2 415 1
1 37 2 386 1
1 259 2 258 1
1 138 2 84 1
1 135 2 292 1
1 243 2 178 1
1 182 2 141 1
1 81 2 150 1
1 271 2 82 1
1 210 2 256 1
1 96 2 337 1
1 259 2 37 1
1 99 2 138 1
1 135 2 243 1
1 1 2 182 1
1 81 2 271 1
1 210 2 96 1
1 99 2 259 1
1 1 2 135 1
1 81 2 210 1
1 1 2 99 1
1 81 2 1 1
1 168 2 118 1
1 113 2 418 1
1 227 2 364 1
1 207 2 329 1
1 31 2 395 1
1 119 2 295 1
1 230 2 211 1
1 53 2 392 1
1 234 2 423 1
1 163 2 161 1
1 174 2 168 1
1 113 2 43 1
1 207 2 227 1
1 31 2 119 1
1 230 2 28 1
1 53 2 234 1
1 237 2 163 1
1 174 2 321 1
1 113 2 207 1
1 31 2 230 1
1 53 2 237 1
1 174 2 113 1
1 31 2 53 1
1 174 2 31 1
1 137 2 26 1
1 217 2 284 1
1 100 2 292 1
1 167 2 291 1
1 201 2 78 1
1 20 2 134 1
1 236 2 358 1
1 171 2 146 1
1 161 2 317 1
1 13 2 265 1
1 172 2 85 1
1 84 2 274 1
1 263 2 259 1
1 229 2 310 1
1 137 2 61 1
1 100 2 217 1
1 167 2 201 1
1 236 2 20 1
1 161 2 171 1
1 172 2 13 1
1 263 2 84 1
1 155 2 229 1
1 137 2 100 1
1 236 2 167 1
1 172 2 161 1
1 263 2 155 1
1 137 2 236 1
1 172 2 263 1
1 172 2 137 1
1 105 2 125 1
1 76 2 140 1
1 55 2 124 1
1 213 2 147 1
1 9 2 43 1
1 144 2 40 1
1 168 2 107 1
1 215 2 412 1
1 232 2 15 1
1 267 2 260 1
1 254 2 105 1
1 55 2 76 1
1 268 2 213 1
1 9 2 144 1
1 215 2 168 1
1 136 2 65 1
1 267 2 254 1
1 268 2 55 1
1 215 2 9 1
1 268 2 267 1
1 136 2 215 1
1 136 2 268 1
1 219 2 136 1
1 74 2 189 1
1 262 2 268 1
1 220 2 91 1
1 94 2 111 1
1 105 2 124 1
1 142 2 131 1
1 38 2 219 1
1 262 2 74 1
1 220 2 94 1
1 92 2 254 1
1 141 2 347 1
1 142 2 41 1
1 262 2 38 1
1 141 2 92 1
1 262 2 142 1
1 220 2 141 1
1 220 2 262 1
1 219 2 92 1
1 215 2 302 1
1 136 2 126 1
1 131 2 147 1
1 105 2 38 1
1 140 2 65 1
1 103 2 268 1
1 220 2 232 1
1 141 2 111 1
1 192 2 267 1
1 219 2 116 1
1 136 2 215 1
1 105 2 140 1
1 103 2 41 1
1 220 2 416 1
1 94 2 141 1
1 192 2 40 1
1 219 2 136 1
1 220 2 103 1
1 192 2 94 1
1 220 2 192 1
1 223 2 317 1
1 94 2 91 1
1 41 2 350 1
1 254 2 271 1
1 220 2 232 1
1 74 2 219 1
1 38 2 189 1
1 111 2 92 1
1 136 2 347 1
1 116 2 124 1
1 141 2 223 1
1 41 2 94 1
1 254 2 268 1
1 74 2 220 1
1 142 2 262 1
1 136 2 111 1
1 116 2 141 1
1 254 2 41 1
1 142 2 74 1
1 116 2 254 1
1 142 2 136 1
1 116 2 142 1
1 212 2 374 1
1 193 2 171 1
1 97 2 85 1
1 203 2 70 1
1 22 2 108 1
1 239 2 303 1
1 102 2 160 1
1 42 2 212 1
1 193 2 187 1
1 117 2 97 1
1 22 2 263 1
1 83 2 239 1
1 93 2 102 1
1 42 2 193 1
1 22 2 156 1
1 93 2 83 1
1 117 2 42 1
1 93 2 22 1
1 117 2 93 1
1 16 2 95 1
1 254 2 232 1
1 61 2 281 1
1 208 2 175 1
1 1 2 87 1
1 231 2 213 1
1 142 2 222 1
1 46 2 168 1
1 79 2 81 1
1 71 2 242 1
1 174 2 333 1
1 132 2 73 1
1 224 2 387 1
1 166 2 146 1
1 30 2 124 1
1 127 2 258 1
1 259 2 20 1
1 56 2 35 1
1 26 2 287 1
1 93 2 96 1
1 64 2 271 1
1 262 2 339 1
1 220 2 13 1
1 27 2 229 1
1 117 2 351 1
1 115 2 112 1
1 59 2 84 1
1 23 2 103 1
1 70 2 39 1
1 249 2 76 1
1 256 2 235 1
1 116 2 268 1
1 16 2 254 1
1 208 2 61 1
1 1 2 231 1
1 142 2 46 1
1 79 2 71 1
1 174 2 132 1
1 224 2 166 1
1 30 2 127 1
1 259 2 56 1
1 93 2 26 1
1 64 2 262 1
1 27 2 220 1
1 117 2 115 1
1 23 2 59 1
1 249 2 70 1
1 116 2 256 1
1 16 2 208 1
1 1 2 142 1
1 174 2 79 1
1 224 2 30 1
1 93 2 259 1
1 27 2 64 1
1 23 2 117 1
1 116 2 249 1
1 1 2 16 1
1 174 2 224 1
1 27 2 93 1
1 116 2 23 1
1 1 2 174 1
1 116 2 27 1
1 1 2 116 1
1 158 2 406 1
1 87 2 246 1
1 78 2 362 1
1 162 2 263 1
1 233 2 269 1
1 139 2 79 1
1 260 2 253 1
1 56 2 361 1
1 86 2 64 1
1 20 2 383 1
1 169 2 272 1
1 214 2 80 1
1 9 2 197 1
1 42 2 166 1
1 227 2 247 1
1 120 2 186 1
1 158 2 87 1
1 162 2 78 1
1 233 2 139 1
1 56 2 260 1
1 86 2 20 1
1 214 2 169 1
1 42 2 9 1
1 120 2 227 1
1 158 2 162 1
1 233 2 56 1
1 214 2 86 1
1 120 2 42 1
1 233 2 158 1
1 214 2 120 1
1 214 2 233 1
1 116 2 127 1
1 260 2 20 1
1 158 2 94 1
1 119 2 278 1
1 207 2 262 1
1 23 2 96 1
1 53 2 267 1
1 197 2 105 1
1 204 2 408 1
1 112 2 4 1
1 95 2 247 1
1 1 2 150 1
1 103 2 77 1
1 75 2 125 1
1 44 2 46 1
1 19 2 161 1
1 81 2 227 1
1 208 2 131 1
1 256 2 182 1
1 111 2 355 1
1 174 2 380 1
1 242 2 121 1
1 228 2 7 1
1 159 2 194 1
1 93 2 241 1
1 231 2 142 1
1 166 2 58 1
1 224 2 214 1
1 259 2 160 1
1 141 2 84 1
1 38 2 22 1
1 79 2 78 1
1 80 2 73 1
1 187 2 82 1
1 120 2 140 1
1 32 2 211 1
1 139 2 64 1
1 16 2 30 1
1 39 2 424 1
1 186 2 135 1
1 45 2 254 1
1 162 2 184 1
1 98 2 268 1
1 99 2 220 1
1 169 2 85 1
1 27 2 132 1
1 180 2 212 1
1 145 2 28 1
1 87 2 14 1
1 249 2 172 1
1 109 2 223 1
1 3 2 9 1
1 11 2 243 1
1 36 2 233 1
1 71 2 235 1
1 225 2 213 1
1 138 2 126 1
1 252 2 117 1
1 90 2 237 1
1 26 2 379 1
1 124 2 157 1
1 143 2 47 1
1 116 2 260 1
1 158 2 119 1
1 23 2 207 1
1 197 2 53 1
1 204 2 112 1
1 1 2 95 1
1 75 2 103 1
1 44 2 19 1
1 81 2 208 1
1 256 2 111 1
1 174 2 242 1
1 228 2 159 1
1 231 2 93 1
1 166 2 217 1
1 224 2 259 1
1 38 2 141 1
1 79 2 80 1
1 187 2 120 1
1 32 2 37 1
1 16 2 139 1
1 39 2 186 1
1 162 2 45 1
1 99 2 98 1
1 27 2 169 1
1 145 2 180 1
1 249 2 87 1
1 3 2 109 1
1 11 2 36 1
1 225 2 71 1
1 252 2 138 1
1 26 2 90 1
1 143 2 124 1
1 116 2 158 1
1 197 2 23 1
1 204 2 1 1
1 44 2 75 1
1 81 2 256 1
1 228 2 174 1
1 166 2 231 1
1 224 2 38 1
1 79 2 187 1
1 16 2 32 1
1 162 2 39 1
1 27 2 99 1
1 249 2 145 1
1 3 2 11 1
1 252 2 225 1
1 143 2 26 1
1 116 2 197 1
1 204 2 44 1
1 81 2 228 1
1 224 2 166 1
1 16 2 79 1
1 27 2 162 1
1 249 2 3 1
1 252 2 143 1
1 116 2 204 1
1 224 2 81 1
1 16 2 27 1
1 252 2 249 1
1 116 2 224 1
1 16 2 252 1
1 16 2 116 1
1 16 2 127 1
1 231 2 14 1
1 53 2 172 1
1 30 2 54 1
1 145 2 71 1
1 237 2 314 1
1 180 2 271 1
1 29 2 151 1
1 249 2 19 1
1 84 2 82 1
1 235 2 178 1
1 35 2 1 1
1 11 2 338 1
1 73 2 47 1
1 223 2 134 1
1 27 2 146 1
1 16 2 231 1
1 30 2 53 1
1 145 2 237 1
1 180 2 29 1
1 249 2 84 1
1 235 2 35 1
1 73 2 11 1
1 27 2 223 1
1 16 2 30 1
1 180 2 145 1
1 249 2 235 1
1 27 2 73 1
1 16 2 180 1
1 249 2 27 1
1 16 2 249 1
1 227 2 31 1
1 28 2 89 1
1 86 2 361 1
1 134 2 400 1
1 252 2 54 1
1 139 2 212 1
1 165 2 253 1
1 248 2 9 1
1 225 2 7 1
1 204 2 136 1
1 38 2 187 1
1 129 2 247 1
1 114 2 122 1
1 75 2 214 1
1 140 2 362 1
1 143 2 40 1
1 155 2 227 1
1 28 2 406 1
1 86 2 47 1
1 134 2 237 1
1 252 2 141 1
1 145 2 139 1
1 32 2 165 1
1 53 2 248 1
1 225 2 171 1
1 204 2 65 1
1 269 2 38 1
1 129 2 43 1
1 114 2 207 1
1 82 2 75 1
1 223 2 140 1
1 143 2 130 1
1 155 2 28 1
1 86 2 134 1
1 252 2 145 1
1 53 2 32 1
1 204 2 225 1
1 129 2 269 1
1 82 2 114 1
1 143 2 223 1
1 155 2 86 1
1 252 2 53 1
1 204 2 129 1
1 143 2 82 1
1 155 2 252 1
1 204 2 143 1
1 204 2 155 1
1 16 2 71 1
1 75 2 80 1
1 145 2 223 1
1 208 2 55 1
1 44 2 363 1
1 247 2 213 1
1 214 2 76 1
1 28 2 119 1
1 204 2 267 1
1 166 2 33 1
1 225 2 424 1
1 20 2 231 1
1 162 2 45 1
1 64 2 118 1
1 260 2 111 1
1 112 2 150 1
1 56 2 34 1
1 235 2 53 1
1 229 2 39 1
1 42 2 192 1
1 115 2 125 1
1 9 2 54 1
1 25 2 36 1
1 86 2 242 1
1 174 2 87 1
1 244 2 114 1
1 32 2 37 1
1 4 2 234 1
1 197 2 79 1
1 121 2 52 1
1 23 2 202 1
1 224 2 165 1
1 16 2 75 1
1 145 2 208 1
1 44 2 247 1
1 214 2 28 1
1 204 2 166 1
1 225 2 20 1
1 162 2 64 1
1 112 2 260 1
1 56 2 235 1
1 42 2 229 1
1 115 2 9 1
1 86 2 25 1
1 174 2 244 1
1 4 2 32 1
1 121 2 197 1
1 224 2 23 1
1 16 2 145 1
1 214 2 44 1
1 204 2 225 1
1 162 2 112 1
1 56 2 42 1
1 86 2 115 1
1 4 2 174 1
1 224 2 121 1
1 16 2 214 1
1 204 2 162 1
1 86 2 56 1
1 224 2 4 1
1 16 2 204 1
1 224 2 86 1
1 16 2 224 1
1 56 2 114 1
1 33 2 89 1
1 95 2 119 1
1 36 2 212 1
1 42 2 71 1
1 76 2 157 1
1 247 2 237 1
1 28 2 202 1
1 53 2 127 1
1 87 2 243 1
1 231 2 130 1
1 197 2 45 1
1 179 2 210 1
1 213 2 64 1
1 244 2 166 1
1 233 2 375 1
1 33 2 56 1
1 36 2 95 1
1 42 2 76 1
1 247 2 28 1
1 53 2 87 1
1 231 2 197 1
1 213 2 179 1
1 233 2 244 1
1 36 2 33 1
1 247 2 42 1
1 231 2 53 1
1 233 2 213 1
1 247 2 36 1
1 231 2 233 1
1 247 2 231 1
1 78 2 400 1
1 187 2 417 1
1 35 2 124 1
1 268 2 140 1
1 103 2 48 1
1 46 2 54 1
1 197 2 85 1
1 178 2 13 1
1 93 2 180 1
1 235 2 68 1
1 243 2 171 1
1 202 2 165 1
1 120 2 21 1
1 174 2 161 1
1 134 2 146 1
1 70 2 271 1
1 1 2 409 1
1 86 2 209 1
1 173 2 112 1
1 20 2 42 1
1 139 2 182 1
1 155 2 157 1
1 5 2 208 1
1 136 2 37 1
1 96 2 259 1
1 218 2 119 1
1 267 2 213 1
1 83 2 254 1
1 210 2 79 1
1 187 2 78 1
1 268 2 35 1
1 46 2 103 1
1 197 2 178 1
1 93 2 235 1
1 243 2 202 1
1 120 2 184 1
1 134 2 174 1
1 1 2 70 1
1 86 2 84 1
1 173 2 20 1
1 155 2 139 1
1 136 2 5 1
1 96 2 218 1
1 83 2 267 1
1 27 2 210 1
1 268 2 187 1
1 197 2 46 1
1 93 2 243 1
1 120 2 134 1
1 1 2 86 1
1 155 2 173 1
1 136 2 96 1
1 83 2 27 1
1 197 2 268 1
1 93 2 120 1
1 155 2 1 1
1 136 2 83 1
1 93 2 197 1
1 155 2 136 1
1 155 2 93 1
1 53 2 400 1
1 89 2 139 1
1 204 2 43 1
1 228 2 126 1
1 80 2 28 1
1 4 2 170 1
1 233 2 140 1
1 165 2 237 1
1 247 2 223 1
1 252 2 45 1
1 225 2 194 1
1 187 2 86 1
1 114 2 65 1
1 143 2 53 1
1 214 2 89 1
1 204 2 197 1
1 228 2 206 1
1 120 2 80 1
1 4 2 145 1
1 32 2 29 1
1 233 2 9 1
1 44 2 165 1
1 247 2 159 1
1 252 2 207 1
1 225 2 130 1
1 187 2 40 1
1 75 2 114 1
1 260 2 129 1
1 214 2 143 1
1 228 2 204 1
1 120 2 4 1
1 233 2 44 1
1 247 2 252 1
1 225 2 187 1
1 75 2 260 1
1 214 2 228 1
1 32 2 120 1
1 233 2 247 1
1 225 2 75 1
1 214 2 32 1
1 233 2 225 1
1 233 2 214 1
1 27 2 53 1
1 14 2 271 1
1 180 2 36 1
1 145 2 178 1
1 35 2 320 1
1 47 2 378 1
1 131 2 127 1
1 30 2 1 1
1 249 2 237 1
1 82 2 54 1
1 29 2 377 1
1 174 2 235 1
1 73 2 134 1
1 84 2 327 1
1 205 2 146 1
1 16 2 300 1
1 27 2 14 1
1 145 2 180 1
1 35 2 47 1
1 30 2 131 1
1 249 2 82 1
1 174 2 29 1
1 73 2 84 1
1 16 2 205 1
1 27 2 145 1
1 35 2 30 1
1 249 2 174 1
1 73 2 16 1
1 35 2 27 1
1 249 2 73 1
1 35 2 249 1
1 81 2 100 1
1 135 2 258 1
1 150 2 95 1
1 117 2 161 1
1 61 2 79 1
1 23 2 379 1
1 174 2 26 1
1 208 2 12 1
1 27 2 124 1
1 231 2 259 1
1 138 2 178 1
1 85 2 37 1
1 103 2 84 1
1 96 2 279 1
1 127 2 136 1
1 141 2 202 1
1 13 2 236 1
1 68 2 71 1
1 108 2 310 1
1 99 2 111 1
1 256 2 182 1
1 134 2 76 1
1 82 2 229 1
1 93 2 359 1
1 210 2 340 1
1 142 2 168 1
1 1 2 357 1
1 46 2 167 1
1 20 2 410 1
1 155 2 21 1
1 81 2 135 1
1 117 2 150 1
1 61 2 23 1
1 174 2 208 1
1 27 2 231 1
1 138 2 85 1
1 103 2 96 1
1 127 2 141 1
1 68 2 13 1
1 99 2 108 1
1 134 2 256 1
1 93 2 82 1
1 142 2 210 1
1 155 2 20 1
1 81 2 117 1
1 61 2 174 1
1 27 2 138 1
1 103 2 127 1
1 99 2 68 1
1 93 2 134 1
1 1 2 142 1
1 155 2 46 1
1 81 2 61 1
1 27 2 103 1
1 99 2 93 1
1 1 2 155 1
1 27 2 81 1
1 1 2 99 1
1 27 2 1 1
1 16 2 25 1
1 254 2 331 1
1 44 2 23 1
1 235 2 33 1
1 174 2 244 1
1 223 2 202 1
1 228 2 125 1
1 150 2 80 1
1 79 2 224 1
1 208 2 115 1
1 42 2 121 1
1 242 2 111 1
1 75 2 162 1
1 64 2 28 1
1 39 2 141 1
1 259 2 165 1
1 76 2 87 1
1 145 2 247 1
1 52 2 231 1
1 112 2 86 1
1 229 2 54 1
1 56 2 89 1
1 192 2 424 1
1 204 2 53 1
1 114 2 20 1
1 214 2 118 1
1 119 2 213 1
1 132 2 37 1
1 45 2 71 1
1 32 2 130 1
1 4 2 234 1
1 81 2 166 1
1 16 2 254 1
1 44 2 235 1
1 223 2 174 1
1 228 2 150 1
1 79 2 208 1
1 42 2 242 1
1 75 2 64 1
1 39 2 259 1
1 76 2 145 1
1 112 2 52 1
1 56 2 229 1
1 192 2 204 1
1 214 2 114 1
1 132 2 119 1
1 32 2 45 1
1 81 2 4 1
1 16 2 44 1
1 228 2 223 1
1 42 2 79 1
1 75 2 39 1
1 112 2 76 1
1 56 2 192 1
1 214 2 132 1
1 81 2 32 1
1 16 2 228 1
1 75 2 42 1
1 112 2 56 1
1 81 2 214 1
1 16 2 75 1
1 81 2 112 1
1 16 2 81 1
1 116 2 173 1
1 80 2 28 1
1 25 2 231 1
1 145 2 247 1
1 23 2 56 1
1 176 2 139 1
1 121 2 166 1
1 214 2 71 1
1 130 2 44 1
1 39 2 170 1
1 112 2 32 1
1 228 2 232 1
1 64 2 53 1
1 4 2 45 1
1 86 2 346 1
1 116 2 80 1
1 25 2 145 1
1 23 2 176 1
1 214 2 121 1
1 87 2 130 1
1 112 2 39 1
1 228 2 64 1
1 4 2 86 1
1 116 2 25 1
1 23 2 214 1
1 87 2 112 1
1 228 2 4 1
1 116 2 23 1
1 228 2 87 1
1 116 2 228 1
1 27 2 198 1
1 261 2 371 1
1 54 2 235 1
1 172 2 237 1
1 29 2 134 1
1 73 2 127 1
1 180 2 14 1
1 249 2 35 1
1 145 2 19 1
1 30 2 84 1
1 53 2 308 1
1 1 2 271 1
1 174 2 231 1
1 178 2 71 1
1 16 2 47 1
1 27 2 261 1
1 172 2 54 1
1 29 2 73 1
1 249 2 180 1
1 30 2 145 1
1 1 2 53 1
1 174 2 178 1
1 16 2 82 1
1 27 2 172 1
1 249 2 29 1
1 30 2 1 1
1 16 2 174 1
1 27 2 249 1
1 16 2 30 1
1 27 2 16 1
1 27 2 204 1
1 86 2 204 1
1 81 2 204 1
1 27 2 86 1
1 81 2 27 1
1 27 2 16 1
1 93 2 27 1
1 81 2 86 1
1 93 2 81 1
1 16 2 93 1
1 93 2 155 1
1 93 2 1 1
1 16 2 155 1
1 16 2 1 1
1 155 2 1 1
1 210 2 153 1
1 150 2 37 1
1 150 2 153 1
1 62 2 366 1
1 138 2 397 1
1 210 2 325 1
1 138 2 325 1
1 210 2 397 1
1 129 2 140 1
1 253 2 197 1
1 129 2 253 1
1 197 2 140 1
1 129 2 31 1
1 143 2 174 1
1 143 2 31 1
1 75 2 174 1
1 103 2 120 1
1 117 2 252 1
1 103 2 252 1
1 220 2 84 1
1 35 2 321 1
1 220 2 321 1
1 127 2 84 1
1 180 2 183 1
1 68 2 22 1
1 180 2 22 1
1 68 2 183 1
1 183 2 151 1
1 22 2 249 1
1 151 2 22 1
1 243 2 100 1
1 48 2 5 1
1 209 2 382 1
1 119 2 209 1
1 157 2 48 1
1 48 2 119 1
1 157 2 209 1
1 157 2 350 1
1 152 2 350 1
1 182 2 23 1
1 182 2 208 1
1 27 2 182 1
1 26 2 182 1
1 134 2 245 1
1 155 2 149 1
1 13 2 245 1
1 134 2 149 1
1 245 2 163 1
1 149 2 319 1
1 163 2 149 1
1 245 2 319 1
1 95 2 238 1
1 19 2 8 1
1 95 2 19 1
1 238 2 8 1
1 95 2 365 1
1 155 2 35 1
1 220 2 134 1
1 35 2 134 1
1 155 2 220 1
1 155 2 250 1
1 93 2 134 1
1 93 2 155 1
1 134 2 250 1
1 155 2 26 1
1 27 2 134 1
1 27 2 155 1
1 26 2 134 1
1 68 2 1 1
1 47 2 180 1
1 180 2 1 1
1 68 2 47 1
1 103 2 180 1
1 117 2 68 1
1 180 2 117 1
1 103 2 68 1
1 180 2 271 1
1 68 2 172 1
1 82 2 301 1
1 142 2 193 1
1 142 2 372 1
1 85 2 193 1
1 82 2 26 1
1 27 2 142 1
1 27 2 82 1
1 26 2 142 1
1 19 2 223 1
1 238 2 151 1
1 19 2 151 1
1 238 2 223 1
1 103 2 19 1
1 117 2 238 1
1 19 2 117 1
1 103 2 238 1
1 260 2 253 1
1 139 2 9 1
1 9 2 253 1
1 140 2 229 1
1 174 2 260 1
1 31 2 9 1
1 174 2 9 1
1 31 2 260 1
1 193 2 240 1
1 240 2 334 1
1 204 2 233 1
1 224 2 402 1
1 204 2 224 1
1 233 2 402 1
1 116 2 157 1
1 204 2 32 1
1 32 2 157 1
1 204 2 116 1
1 268 2 388 1
1 97 2 388 1
1 26 2 10 1
1 27 2 3 1
1 3 2 26 1
1 27 2 10 1
1 27 2 117 1
1 103 2 175 1
1 27 2 103 1
1 117 2 175 1
1 116 2 90 1
1 224 2 132 1
1 116 2 132 1
1 224 2 90 1
