425 3650
1 251 2 124 1
1 46 2 160 1
1 64 2 219 1
1 177 2 27 1
1 231 2 79 1
1 100 2 83 1
1 208 2 59 1
1 106 2 3 1
1 251 2 46 1
1 64 2 177 1
1 100 2 231 1
1 106 2 208 1
1 251 2 64 1
1 106 2 100 1
1 251 2 106 1
1 129 2 27 1
1 204 2 152 1
1 78 2 249 1
1 172 2 122 1
1 266 2 33 1
1 241 2 15 1
1 81 2 192 1
1 276 2 17 1
1 13 2 137 1
1 115 2 208 1
1 162 2 47 1
1 46 2 263 1
1 22 2 100 1
1 257 2 76 1
1 79 2 32 1
1 211 2 181 1
1 93 2 53 1
1 231 2 425 1
1 121 2 127 1
1 161 2 8 1
1 49 2 199 1
1 143 2 242 1
1 6 2 209 1
1 245 2 173 1
1 210 2 198 1
1 48 2 30 1
1 35 2 175 1
1 219 2 194 1
1 64 2 40 1
1 103 2 69 1
1 262 2 237 1
1 133 2 34 1
1 160 2 265 1
1 264 2 149 1
1 126 2 110 1
1 230 2 182 1
1 189 2 58 1
1 177 2 183 1
1 94 2 70 1
1 106 2 190 1
1 59 2 37 1
1 235 2 135 1
1 83 2 57 1
1 212 2 274 1
1 16 2 418 1
1 21 2 361 1
1 1 2 191 1
1 86 2 4 1
1 214 2 142 1
1 246 2 227 1
1 238 2 243 1
1 109 2 68 1
1 3 2 98 1
1 145 2 20 1
1 169 2 154 1
1 253 2 187 1
1 146 2 36 1
1 2 2 228 1
1 31 2 130 1
1 138 2 193 1
1 186 2 92 1
1 112 2 351 1
1 24 2 45 1
1 129 2 204 1
1 78 2 172 1
1 266 2 241 1
1 276 2 81 1
1 115 2 13 1
1 46 2 162 1
1 257 2 22 1
1 79 2 211 1
1 93 2 231 1
1 161 2 121 1
1 143 2 49 1
1 245 2 6 1
1 48 2 210 1
1 219 2 35 1
1 64 2 103 1
1 133 2 262 1
1 160 2 264 1
1 230 2 126 1
1 177 2 189 1
1 106 2 94 1
1 59 2 235 1
1 212 2 83 1
1 21 2 1 1
1 214 2 86 1
1 238 2 246 1
1 3 2 109 1
1 169 2 145 1
1 253 2 146 1
1 31 2 2 1
1 138 2 186 1
1 24 2 112 1
1 129 2 78 1
1 266 2 276 1
1 115 2 46 1
1 79 2 257 1
1 93 2 161 1
1 245 2 143 1
1 48 2 219 1
1 64 2 133 1
1 230 2 160 1
1 106 2 177 1
1 59 2 212 1
1 238 2 214 1
1 169 2 3 1
1 31 2 253 1
1 24 2 138 1
1 129 2 266 1
1 115 2 79 1
1 93 2 245 1
1 64 2 48 1
1 106 2 230 1
1 169 2 238 1
1 24 2 31 1
1 129 2 115 1
1 93 2 64 1
1 106 2 59 1
1 24 2 169 1
1 129 2 93 1
1 24 2 106 1
1 129 2 24 1
1 34 2 145 1
1 76 2 38 1
1 15 2 232 1
1 221 2 37 1
1 192 2 103 1
1 11 2 164 1
1 68 2 173 1
1 195 2 410 1
1 207 2 121 1
1 264 2 193 1
1 152 2 385 1
1 198 2 366 1
1 143 2 16 1
1 47 2 84 1
1 1 2 209 1
1 34 2 76 1
1 15 2 221 1
1 192 2 11 1
1 195 2 68 1
1 207 2 264 1
1 198 2 152 1
1 47 2 1 1
1 34 2 15 1
1 192 2 195 1
1 198 2 207 1
1 47 2 143 1
1 192 2 34 1
1 198 2 47 1
1 192 2 198 1
1 25 2 158 1
1 211 2 42 1
1 3 2 22 1
1 257 2 36 1
1 231 2 167 1
1 160 2 45 1
1 173 2 235 1
1 126 2 142 1
1 232 2 109 1
1 57 2 139 1
1 92 2 391 1
1 251 2 228 1
1 83 2 249 1
1 208 2 243 1
1 30 2 249 1
1 234 2 199 1
1 211 2 25 1
1 3 2 257 1
1 160 2 231 1
1 173 2 126 1
1 57 2 232 1
1 251 2 92 1
1 208 2 83 1
1 30 2 234 1
1 3 2 211 1
1 173 2 160 1
1 251 2 57 1
1 208 2 30 1
1 173 2 3 1
1 208 2 251 1
1 173 2 208 1
1 142 2 249 1
1 177 2 249 1
1 138 2 55 1
1 100 2 14 1
1 128 2 143 1
1 103 2 70 1
1 234 2 257 1
1 22 2 212 1
1 21 2 161 1
1 31 2 36 1
1 3 2 69 1
1 235 2 406 1
1 20 2 14 1
1 48 2 101 1
1 177 2 8 1
1 124 2 59 1
1 138 2 231 1
1 100 2 251 1
1 126 2 128 1
1 141 2 103 1
1 182 2 191 1
1 219 2 234 1
1 230 2 22 1
1 40 2 21 1
1 30 2 31 1
1 3 2 265 1
1 238 2 235 1
1 20 2 46 1
1 13 2 48 1
1 177 2 142 1
1 138 2 124 1
1 100 2 126 1
1 141 2 182 1
1 219 2 230 1
1 30 2 40 1
1 238 2 3 1
1 13 2 20 1
1 177 2 138 1
1 100 2 141 1
1 219 2 30 1
1 238 2 13 1
1 100 2 177 1
1 219 2 238 1
1 100 2 219 1
1 230 2 328 1
1 160 2 126 1
1 251 2 159 1
1 155 2 45 1
1 59 2 424 1
1 83 2 199 1
1 57 2 252 1
1 241 2 6 1
1 200 2 183 1
1 30 2 94 1
1 154 2 235 1
1 49 2 218 1
1 135 2 288 1
1 252 2 412 1
1 232 2 228 1
1 109 2 305 1
1 230 2 21 1
1 160 2 84 1
1 251 2 233 1
1 155 2 69 1
1 59 2 92 1
1 83 2 25 1
1 57 2 41 1
1 241 2 181 1
1 22 2 200 1
1 30 2 153 1
1 154 2 257 1
1 49 2 81 1
1 142 2 135 1
1 252 2 139 1
1 232 2 407 1
1 158 2 109 1
1 230 2 160 1
1 155 2 251 1
1 59 2 83 1
1 57 2 241 1
1 30 2 22 1
1 49 2 154 1
1 142 2 252 1
1 158 2 232 1
1 230 2 155 1
1 59 2 57 1
1 49 2 30 1
1 158 2 142 1
1 230 2 59 1
1 49 2 158 1
1 230 2 49 1
1 115 2 104 1
1 205 2 48 1
1 79 2 16 1
1 156 2 228 1
1 130 2 386 1
1 57 2 300 1
1 199 2 19 1
1 253 2 164 1
1 115 2 205 1
1 156 2 79 1
1 130 2 57 1
1 253 2 199 1
1 115 2 156 1
1 130 2 253 1
1 115 2 130 1
1 129 2 130 1
1 23 2 357 1
1 15 2 137 1
1 58 2 263 1
1 210 2 149 1
1 111 2 194 1
1 253 2 332 1
1 227 2 267 1
1 93 2 341 1
1 246 2 186 1
1 37 2 11 1
1 191 2 217 1
1 172 2 64 1
1 62 2 79 1
1 274 2 177 1
1 258 2 425 1
1 101 2 98 1
1 136 2 219 1
1 164 2 182 1
1 100 2 102 1
1 16 2 10 1
1 187 2 264 1
1 48 2 378 1
1 169 2 161 1
1 76 2 254 1
1 238 2 47 1
1 242 2 410 1
1 31 2 146 1
1 138 2 70 1
1 27 2 212 1
1 117 2 193 1
1 24 2 222 1
1 129 2 23 1
1 15 2 58 1
1 210 2 111 1
1 253 2 227 1
1 93 2 246 1
1 37 2 191 1
1 172 2 62 1
1 274 2 258 1
1 101 2 136 1
1 100 2 164 1
1 187 2 16 1
1 169 2 48 1
1 238 2 76 1
1 31 2 242 1
1 138 2 27 1
1 24 2 117 1
1 129 2 15 1
1 210 2 253 1
1 37 2 93 1
1 172 2 274 1
1 101 2 100 1
1 169 2 187 1
1 31 2 238 1
1 24 2 138 1
1 129 2 210 1
1 172 2 37 1
1 169 2 101 1
1 31 2 24 1
1 172 2 129 1
1 169 2 31 1
1 172 2 169 1
1 100 2 37 1
1 128 2 22 1
1 186 2 231 1
1 232 2 243 1
1 31 2 103 1
1 78 2 55 1
1 8 2 124 1
1 257 2 101 1
1 238 2 208 1
1 95 2 191 1
1 237 2 251 1
1 30 2 5 1
1 219 2 384 1
1 83 2 58 1
1 265 2 127 1
1 27 2 114 1
1 177 2 48 1
1 44 2 344 1
1 65 2 193 1
1 36 2 112 1
1 183 2 126 1
1 212 2 142 1
1 40 2 181 1
1 230 2 406 1
1 70 2 235 1
1 46 2 161 1
1 138 2 21 1
1 59 2 3 1
1 241 2 204 1
1 20 2 234 1
1 47 2 32 1
1 13 2 249 1
1 100 2 128 1
1 186 2 232 1
1 31 2 78 1
1 8 2 257 1
1 95 2 238 1
1 237 2 30 1
1 219 2 83 1
1 265 2 27 1
1 44 2 177 1
1 36 2 65 1
1 212 2 183 1
1 230 2 40 1
1 46 2 70 1
1 59 2 138 1
1 241 2 20 1
1 13 2 47 1
1 100 2 186 1
1 31 2 8 1
1 237 2 95 1
1 265 2 219 1
1 36 2 44 1
1 230 2 212 1
1 59 2 46 1
1 13 2 241 1
1 31 2 100 1
1 237 2 265 1
1 230 2 36 1
1 59 2 13 1
1 31 2 237 1
1 230 2 59 1
1 230 2 31 1
1 210 2 188 1
1 194 2 149 1
1 133 2 277 1
1 246 2 47 1
1 115 2 267 1
1 151 2 137 1
1 15 2 76 1
1 260 2 263 1
1 169 2 10 1
1 34 2 103 1
1 147 2 94 1
1 274 2 130 1
1 150 2 242 1
1 112 2 78 1
1 276 2 4 1
1 201 2 359 1
1 266 2 198 1
1 209 2 62 1
1 31 2 27 1
1 146 2 226 1
1 164 2 16 1
1 165 2 145 1
1 100 2 259 1
1 120 2 37 1
1 11 2 214 1
1 98 2 20 1
1 49 2 122 1
1 237 2 79 1
1 269 2 264 1
1 113 2 86 1
1 64 2 192 1
1 210 2 194 1
1 246 2 133 1
1 115 2 151 1
1 15 2 260 1
1 169 2 279 1
1 34 2 147 1
1 274 2 150 1
1 276 2 112 1
1 201 2 266 1
1 31 2 209 1
1 146 2 164 1
1 100 2 165 1
1 120 2 11 1
1 49 2 98 1
1 269 2 237 1
1 64 2 113 1
1 210 2 246 1
1 115 2 15 1
1 169 2 34 1
1 276 2 274 1
1 31 2 201 1
1 100 2 146 1
1 120 2 49 1
1 64 2 269 1
1 210 2 115 1
1 169 2 276 1
1 100 2 31 1
1 64 2 120 1
1 169 2 210 1
1 64 2 100 1
1 169 2 64 1
1 99 2 157 1
1 236 2 145 1
1 237 2 8 1
1 56 2 380 1
1 212 2 149 1
1 126 2 313 1
1 176 2 48 1
1 161 2 269 1
1 53 2 79 1
1 143 2 137 1
1 37 2 74 1
1 100 2 193 1
1 210 2 99 1
1 236 2 173 1
1 20 2 237 1
1 31 2 56 1
1 229 2 139 1
1 212 2 58 1
1 126 2 242 1
1 27 2 176 1
1 238 2 161 1
1 53 2 104 1
1 230 2 143 1
1 270 2 355 1
1 37 2 218 1
1 100 2 183 1
1 210 2 236 1
1 46 2 20 1
1 31 2 229 1
1 212 2 126 1
1 238 2 27 1
1 230 2 53 1
1 100 2 37 1
1 210 2 46 1
1 31 2 212 1
1 238 2 230 1
1 100 2 270 1
1 31 2 210 1
1 100 2 238 1
1 100 2 31 1
1 93 2 142 1
1 16 2 68 1
1 73 2 138 1
1 17 2 78 1
1 22 2 231 1
1 110 2 425 1
1 190 2 48 1
1 160 2 237 1
1 112 2 241 1
1 83 2 213 1
1 34 2 146 1
1 181 2 220 1
1 133 2 153 1
1 192 2 109 1
1 115 2 86 1
1 37 2 263 1
1 91 2 250 1
1 274 2 126 1
1 149 2 124 1
1 94 2 141 1
1 264 2 189 1
1 198 2 156 1
1 11 2 214 1
1 210 2 276 1
1 98 2 51 1
1 154 2 257 1
1 54 2 123 1
1 30 2 265 1
1 130 2 209 1
1 173 2 57 1
1 93 2 16 1
1 73 2 17 1
1 110 2 22 1
1 190 2 160 1
1 112 2 83 1
1 34 2 181 1
1 192 2 133 1
1 115 2 37 1
1 274 2 91 1
1 94 2 149 1
1 264 2 198 1
1 210 2 11 1
1 98 2 154 1
1 30 2 54 1
1 130 2 173 1
1 27 2 169 1
1 93 2 73 1
1 190 2 110 1
1 112 2 34 1
1 192 2 115 1
1 274 2 94 1
1 264 2 210 1
1 30 2 98 1
1 27 2 130 1
1 93 2 190 1
1 112 2 192 1
1 274 2 264 1
1 30 2 27 1
1 93 2 112 1
1 274 2 30 1
1 93 2 274 1
1 64 2 78 1
1 226 2 265 1
1 154 2 263 1
1 246 2 309 1
1 251 2 186 1
1 28 2 345 1
1 160 2 95 1
1 257 2 84 1
1 238 2 242 1
1 32 2 41 1
1 275 2 142 1
1 92 2 249 1
1 59 2 218 1
1 247 2 356 1
1 181 2 232 1
1 204 2 66 1
1 109 2 344 1
1 237 2 135 1
1 235 2 105 1
1 57 2 47 1
1 70 2 321 1
1 175 2 388 1
1 21 2 137 1
1 100 2 323 1
1 194 2 123 1
1 39 2 126 1
1 46 2 171 1
1 103 2 183 1
1 37 2 30 1
1 6 2 416 1
1 230 2 354 1
1 64 2 226 1
1 246 2 154 1
1 251 2 28 1
1 257 2 160 1
1 238 2 32 1
1 92 2 275 1
1 59 2 247 1
1 181 2 204 1
1 109 2 237 1
1 57 2 235 1
1 70 2 175 1
1 21 2 100 1
1 39 2 194 1
1 46 2 193 1
1 103 2 37 1
1 230 2 6 1
1 64 2 246 1
1 257 2 251 1
1 238 2 92 1
1 59 2 181 1
1 57 2 109 1
1 21 2 70 1
1 46 2 39 1
1 230 2 103 1
1 64 2 257 1
1 59 2 238 1
1 57 2 21 1
1 230 2 46 1
1 64 2 59 1
1 230 2 57 1
1 230 2 64 1
1 129 2 257 1
1 83 2 211 1
1 265 2 142 1
1 47 2 124 1
1 64 2 8 1
1 82 2 20 1
1 31 2 262 1
1 237 2 344 1
1 106 2 164 1
1 249 2 138 1
1 101 2 112 1
1 40 2 235 1
1 78 2 100 1
1 177 2 127 1
1 59 2 57 1
1 30 2 243 1
1 251 2 58 1
1 238 2 204 1
1 138 2 249 1
1 230 2 193 1
1 191 2 126 1
1 37 2 190 1
1 22 2 241 1
1 13 2 183 1
1 21 2 212 1
1 71 2 219 1
1 36 2 3 1
1 210 2 161 1
1 208 2 32 1
1 234 2 94 1
1 103 2 27 1
1 93 2 181 1
1 129 2 83 1
1 47 2 265 1
1 64 2 82 1
1 31 2 237 1
1 106 2 249 1
1 40 2 101 1
1 177 2 78 1
1 59 2 30 1
1 238 2 251 1
1 138 2 230 1
1 37 2 191 1
1 13 2 22 1
1 21 2 71 1
1 210 2 36 1
1 234 2 208 1
1 93 2 103 1
1 129 2 47 1
1 31 2 64 1
1 106 2 40 1
1 59 2 177 1
1 138 2 238 1
1 13 2 37 1
1 210 2 21 1
1 234 2 93 1
1 31 2 129 1
1 106 2 59 1
1 13 2 138 1
1 210 2 234 1
1 31 2 106 1
1 13 2 210 1
1 31 2 13 1
1 64 2 167 1
1 17 2 164 1
1 155 2 187 1
1 264 2 97 1
1 149 2 241 1
1 16 2 260 1
1 152 2 192 1
1 214 2 10 1
1 103 2 74 1
1 274 2 85 1
1 110 2 259 1
1 94 2 189 1
1 269 2 161 1
1 197 2 397 1
1 17 2 64 1
1 264 2 155 1
1 149 2 16 1
1 214 2 103 1
1 274 2 98 1
1 94 2 110 1
1 269 2 197 1
1 264 2 17 1
1 152 2 149 1
1 214 2 274 1
1 94 2 269 1
1 264 2 152 1
1 94 2 214 1
1 264 2 94 1
1 129 2 107 1
1 211 2 264 1
1 204 2 142 1
1 230 2 36 1
1 106 2 243 1
1 70 2 177 1
1 234 2 101 1
1 93 2 47 1
1 129 2 211 1
1 230 2 204 1
1 106 2 70 1
1 93 2 234 1
1 129 2 230 1
1 106 2 93 1
1 106 2 129 1
1 83 2 106 1
1 266 2 265 1
1 31 2 251 1
1 64 2 234 1
1 100 2 231 1
1 46 2 7 1
1 210 2 237 1
1 266 2 83 1
1 64 2 31 1
1 210 2 46 1
1 64 2 266 1
1 100 2 210 1
1 64 2 100 1
1 13 2 265 1
1 212 2 184 1
1 59 2 7 1
1 210 2 190 1
1 31 2 145 1
1 124 2 255 1
1 70 2 30 1
1 106 2 92 1
1 13 2 212 1
1 210 2 59 1
1 124 2 31 1
1 106 2 70 1
1 210 2 13 1
1 106 2 124 1
1 210 2 106 1
1 169 2 193 1
1 47 2 146 1
1 214 2 176 1
1 98 2 209 1
1 276 2 152 1
1 144 2 161 1
1 143 2 198 1
1 189 2 136 1
1 235 2 104 1
1 73 2 48 1
1 110 2 195 1
1 42 2 149 1
1 86 2 173 1
1 57 2 11 1
1 153 2 85 1
1 169 2 264 1
1 188 2 47 1
1 214 2 23 1
1 98 2 145 1
1 49 2 276 1
1 126 2 144 1
1 263 2 143 1
1 189 2 142 1
1 170 2 235 1
1 73 2 181 1
1 110 2 138 1
1 42 2 187 1
1 10 2 86 1
1 121 2 57 1
1 190 2 153 1
1 169 2 188 1
1 98 2 214 1
1 49 2 126 1
1 189 2 263 1
1 73 2 170 1
1 110 2 42 1
1 274 2 10 1
1 121 2 190 1
1 169 2 98 1
1 49 2 189 1
1 73 2 110 1
1 274 2 121 1
1 169 2 49 1
1 274 2 73 1
1 274 2 169 1
1 93 2 172 1
1 100 2 44 1
1 234 2 177 1
1 237 2 133 1
1 230 2 64 1
1 251 2 112 1
1 208 2 22 1
1 46 2 266 1
1 93 2 100 1
1 234 2 237 1
1 230 2 251 1
1 208 2 46 1
1 93 2 234 1
1 208 2 230 1
1 93 2 208 1
1 33 2 95 1
1 257 2 47 1
1 186 2 55 1
1 234 2 416 1
1 42 2 417 1
1 81 2 393 1
1 40 2 404 1
1 8 2 322 1
1 254 2 92 1
1 123 2 14 1
1 182 2 78 1
1 106 2 213 1
1 132 2 327 1
1 126 2 243 1
1 181 2 264 1
1 241 2 39 1
1 202 2 84 1
1 142 2 326 1
1 266 2 296 1
1 134 2 363 1
1 129 2 289 1
1 32 2 20 1
1 160 2 33 1
1 257 2 186 1
1 234 2 42 1
1 40 2 81 1
1 8 2 254 1
1 182 2 123 1
1 106 2 132 1
1 181 2 126 1
1 241 2 202 1
1 204 2 142 1
1 266 2 134 1
1 36 2 293 1
1 101 2 237 1
1 21 2 107 1
1 129 2 32 1
1 257 2 160 1
1 234 2 40 1
1 8 2 182 1
1 106 2 181 1
1 204 2 241 1
1 266 2 36 1
1 101 2 21 1
1 129 2 257 1
1 234 2 8 1
1 106 2 204 1
1 101 2 266 1
1 129 2 234 1
1 106 2 101 1
1 106 2 129 1
1 100 2 37 1
1 70 2 117 1
1 78 2 212 1
1 172 2 222 1
1 276 2 246 1
1 112 2 193 1
1 138 2 263 1
1 198 2 188 1
1 237 2 73 1
1 20 2 47 1
1 238 2 68 1
1 62 2 369 1
1 192 2 121 1
1 186 2 4 1
1 64 2 101 1
1 70 2 100 1
1 172 2 78 1
1 253 2 276 1
1 112 2 138 1
1 237 2 198 1
1 238 2 20 1
1 192 2 62 1
1 64 2 186 1
1 172 2 70 1
1 112 2 253 1
1 238 2 237 1
1 64 2 192 1
1 112 2 172 1
1 64 2 238 1
1 64 2 112 1
1 115 2 164 1
1 10 2 38 1
1 214 2 187 1
1 11 2 241 1
1 195 2 42 1
1 156 2 86 1
1 276 2 23 1
1 150 2 173 1
1 104 2 19 1
1 134 2 394 1
1 198 2 135 1
1 15 2 139 1
1 235 2 85 1
1 122 2 363 1
1 48 2 54 1
1 146 2 99 1
1 121 2 84 1
1 161 2 178 1
1 115 2 10 1
1 98 2 68 1
1 214 2 11 1
1 195 2 47 1
1 156 2 192 1
1 73 2 150 1
1 130 2 104 1
1 274 2 110 1
1 134 2 198 1
1 15 2 201 1
1 49 2 235 1
1 122 2 188 1
1 48 2 146 1
1 121 2 161 1
1 1 2 154 1
1 115 2 98 1
1 195 2 214 1
1 276 2 156 1
1 130 2 73 1
1 274 2 134 1
1 49 2 15 1
1 122 2 48 1
1 121 2 1 1
1 115 2 195 1
1 276 2 130 1
1 49 2 274 1
1 121 2 122 1
1 115 2 276 1
1 49 2 121 1
1 49 2 115 1
1 210 2 31 1
1 251 2 112 1
1 59 2 109 1
1 265 2 20 1
1 231 2 133 1
1 22 2 30 1
1 208 2 83 1
1 158 2 7 1
1 210 2 251 1
1 265 2 59 1
1 231 2 22 1
1 158 2 208 1
1 210 2 265 1
1 158 2 231 1
1 158 2 210 1
1 251 2 123 1
1 237 2 298 1
1 114 2 243 1
1 142 2 384 1
1 182 2 137 1
1 101 2 127 1
1 25 2 186 1
1 241 2 181 1
1 251 2 237 1
1 142 2 114 1
1 101 2 182 1
1 25 2 241 1
1 251 2 142 1
1 25 2 101 1
1 251 2 25 1
1 190 2 301 1
1 99 2 382 1
1 47 2 421 1
1 138 2 419 1
1 57 2 196 1
1 269 2 42 1
1 30 2 259 1
1 216 2 45 1
1 25 2 314 1
1 217 2 338 1
1 26 2 318 1
1 232 2 222 1
1 190 2 99 1
1 47 2 337 1
1 57 2 138 1
1 212 2 269 1
1 30 2 216 1
1 25 2 217 1
1 211 2 232 1
1 190 2 47 1
1 212 2 57 1
1 30 2 25 1
1 211 2 26 1
1 190 2 212 1
1 30 2 211 1
1 190 2 30 1
1 113 2 4 1
1 146 2 415 1
1 192 2 38 1
1 10 2 110 1
1 276 2 5 1
1 164 2 373 1
1 248 2 209 1
1 172 2 338 1
1 197 2 325 1
1 214 2 67 1
1 17 2 328 1
1 112 2 189 1
1 93 2 113 1
1 146 2 98 1
1 192 2 10 1
1 276 2 164 1
1 248 2 172 1
1 264 2 197 1
1 214 2 152 1
1 112 2 17 1
1 93 2 146 1
1 192 2 276 1
1 248 2 264 1
1 112 2 214 1
1 93 2 192 1
1 112 2 248 1
1 93 2 112 1
1 234 2 257 1
1 274 2 39 1
1 22 2 95 1
1 115 2 20 1
1 123 2 266 1
1 70 2 130 1
1 2 2 264 1
1 47 2 156 1
1 230 2 81 1
1 101 2 55 1
1 274 2 234 1
1 22 2 115 1
1 70 2 123 1
1 47 2 2 1
1 142 2 40 1
1 129 2 243 1
1 230 2 101 1
1 274 2 22 1
1 70 2 47 1
1 129 2 142 1
1 230 2 274 1
1 129 2 70 1
1 129 2 230 1
1 64 2 3 1
1 219 2 251 1
1 208 2 238 1
1 158 2 224 1
1 106 2 112 1
1 100 2 40 1
1 266 2 46 1
1 133 2 129 1
1 64 2 219 1
1 158 2 208 1
1 100 2 106 1
1 266 2 133 1
1 158 2 64 1
1 100 2 266 1
1 100 2 158 1
1 13 2 78 1
1 130 2 115 1
1 22 2 265 1
1 210 2 7 1
1 31 2 230 1
1 231 2 79 1
1 83 2 224 1
1 253 2 177 1
1 13 2 130 1
1 210 2 22 1
1 31 2 231 1
1 253 2 83 1
1 13 2 210 1
1 31 2 253 1
1 13 2 31 1
1 13 2 134 1
1 237 2 47 1
1 100 2 251 1
1 46 2 211 1
1 231 2 158 1
1 44 2 26 1
1 141 2 184 1
1 160 2 55 1
1 106 2 20 1
1 101 2 22 1
1 59 2 255 1
1 8 2 212 1
1 230 2 83 1
1 190 2 153 1
1 112 2 177 1
1 30 2 109 1
1 224 2 92 1
1 70 2 264 1
1 127 2 137 1
1 182 2 145 1
1 238 2 181 1
1 40 2 31 1
1 107 2 7 1
1 24 2 84 1
1 133 2 3 1
1 243 2 135 1
1 241 2 265 1
1 210 2 25 1
1 219 2 123 1
1 271 2 124 1
1 208 2 126 1
1 129 2 234 1
1 13 2 237 1
1 46 2 100 1
1 44 2 231 1
1 141 2 160 1
1 106 2 101 1
1 59 2 8 1
1 230 2 190 1
1 30 2 112 1
1 224 2 70 1
1 182 2 127 1
1 238 2 40 1
1 24 2 107 1
1 133 2 243 1
1 210 2 241 1
1 219 2 271 1
1 129 2 208 1
1 13 2 46 1
1 141 2 44 1
1 106 2 59 1
1 230 2 30 1
1 224 2 182 1
1 24 2 238 1
1 133 2 210 1
1 129 2 219 1
1 13 2 141 1
1 230 2 106 1
1 24 2 224 1
1 129 2 133 1
1 230 2 13 1
1 129 2 24 1
1 129 2 230 1
1 18 2 189 1
1 118 2 328 1
1 62 2 161 1
1 163 2 136 1
1 179 2 410 1
1 121 2 414 1
1 205 2 23 1
1 118 2 18 1
1 163 2 62 1
1 121 2 179 1
1 205 2 331 1
1 163 2 118 1
1 121 2 205 1
1 163 2 121 1
1 129 2 182 1
1 177 2 136 1
1 101 2 100 1
1 238 2 86 1
1 210 2 138 1
1 16 2 149 1
1 31 2 78 1
1 172 2 34 1
1 191 2 190 1
1 230 2 156 1
1 47 2 237 1
1 253 2 169 1
1 15 2 37 1
1 274 2 64 1
1 212 2 102 1
1 106 2 130 1
1 129 2 177 1
1 238 2 101 1
1 210 2 16 1
1 31 2 172 1
1 230 2 191 1
1 253 2 47 1
1 274 2 15 1
1 106 2 212 1
1 129 2 238 1
1 31 2 210 1
1 230 2 253 1
1 274 2 106 1
1 129 2 31 1
1 230 2 274 1
1 129 2 230 1
1 13 2 71 1
1 3 2 143 1
1 173 2 212 1
1 174 2 335 1
1 266 2 184 1
1 172 2 10 1
1 22 2 237 1
1 241 2 48 1
1 210 2 41 1
1 180 2 189 1
1 156 2 181 1
1 211 2 127 1
1 141 2 114 1
1 136 2 103 1
1 20 2 68 1
1 235 2 226 1
1 106 2 187 1
1 276 2 164 1
1 83 2 30 1
1 160 2 214 1
1 112 2 228 1
1 231 2 200 1
1 42 2 130 1
1 190 2 133 1
1 1 2 145 1
1 50 2 27 1
1 265 2 73 1
1 40 2 153 1
1 253 2 234 1
1 263 2 152 1
1 8 2 70 1
1 208 2 138 1
1 274 2 142 1
1 260 2 98 1
1 92 2 110 1
1 255 2 243 1
1 2 2 81 1
1 59 2 287 1
1 101 2 85 1
1 93 2 16 1
1 251 2 182 1
1 219 2 124 1
1 134 2 232 1
1 31 2 249 1
1 126 2 155 1
1 47 2 199 1
1 177 2 79 1
1 24 2 297 1
1 188 2 37 1
1 264 2 193 1
1 217 2 198 1
1 32 2 344 1
1 38 2 144 1
1 94 2 34 1
1 159 2 261 1
1 230 2 176 1
1 245 2 15 1
1 44 2 222 1
1 86 2 97 1
1 238 2 197 1
1 25 2 57 1
1 109 2 121 1
1 240 2 139 1
1 129 2 11 1
1 13 2 3 1
1 173 2 174 1
1 266 2 172 1
1 241 2 22 1
1 210 2 180 1
1 156 2 211 1
1 141 2 136 1
1 20 2 235 1
1 106 2 276 1
1 160 2 83 1
1 112 2 231 1
1 190 2 42 1
1 1 2 50 1
1 40 2 265 1
1 253 2 263 1
1 208 2 8 1
1 260 2 274 1
1 255 2 92 1
1 2 2 59 1
1 93 2 101 1
1 219 2 251 1
1 31 2 134 1
1 47 2 126 1
1 24 2 177 1
1 188 2 264 1
1 217 2 32 1
1 38 2 94 1
1 230 2 159 1
1 245 2 44 1
1 238 2 86 1
1 109 2 25 1
1 129 2 240 1
1 13 2 173 1
1 266 2 241 1
1 210 2 156 1
1 20 2 141 1
1 106 2 160 1
1 190 2 112 1
1 40 2 1 1
1 208 2 253 1
1 255 2 260 1
1 93 2 2 1
1 31 2 219 1
1 24 2 47 1
1 188 2 217 1
1 230 2 38 1
1 238 2 245 1
1 129 2 109 1
1 266 2 13 1
1 210 2 20 1
1 106 2 190 1
1 40 2 208 1
1 93 2 255 1
1 24 2 31 1
1 230 2 188 1
1 129 2 238 1
1 210 2 266 1
1 106 2 40 1
1 24 2 93 1
1 230 2 129 1
1 106 2 210 1
1 24 2 230 1
1 24 2 106 1
1 44 2 169 1
1 70 2 109 1
1 57 2 59 1
1 30 2 100 1
1 172 2 238 1
1 156 2 170 1
1 274 2 124 1
1 64 2 219 1
1 44 2 70 1
1 57 2 30 1
1 172 2 156 1
1 64 2 274 1
1 44 2 57 1
1 64 2 172 1
1 64 2 44 1
1 64 2 3 1
1 46 2 22 1
1 255 2 234 1
1 231 2 141 1
1 59 2 124 1
1 266 2 70 1
1 83 2 40 1
1 158 2 100 1
1 64 2 46 1
1 255 2 231 1
1 266 2 59 1
1 158 2 83 1
1 255 2 64 1
1 266 2 158 1
1 255 2 266 1
1 207 2 127 1
1 143 2 184 1
1 110 2 328 1
1 122 2 202 1
1 115 2 399 1
1 87 2 104 1
1 267 2 4 1
1 40 2 136 1
1 189 2 74 1
1 145 2 10 1
1 54 2 149 1
1 203 2 179 1
1 5 2 130 1
1 124 2 97 1
1 206 2 99 1
1 85 2 81 1
1 13 2 207 1
1 94 2 143 1
1 110 2 409 1
1 122 2 25 1
1 115 2 201 1
1 87 2 42 1
1 267 2 98 1
1 189 2 155 1
1 73 2 145 1
1 76 2 54 1
1 209 2 203 1
1 45 2 5 1
1 124 2 333 1
1 239 2 206 1
1 169 2 85 1
1 94 2 13 1
1 122 2 110 1
1 115 2 87 1
1 40 2 267 1
1 73 2 189 1
1 209 2 76 1
1 124 2 45 1
1 169 2 239 1
1 94 2 122 1
1 115 2 40 1
1 73 2 209 1
1 169 2 124 1
1 115 2 94 1
1 169 2 73 1
1 169 2 115 1
1 210 2 412 1
1 222 2 365 1
1 192 2 110 1
1 115 2 193 1
1 27 2 42 1
1 124 2 114 1
1 71 2 85 1
1 33 2 5 1
1 156 2 15 1
1 130 2 260 1
1 190 2 143 1
1 205 2 40 1
1 214 2 362 1
1 38 2 300 1
1 155 2 398 1
1 210 2 17 1
1 192 2 188 1
1 94 2 196 1
1 115 2 131 1
1 27 2 189 1
1 124 2 48 1
1 71 2 122 1
1 33 2 176 1
1 156 2 197 1
1 130 2 113 1
1 190 2 404 1
1 159 2 205 1
1 214 2 102 1
1 38 2 135 1
1 1 2 155 1
1 192 2 94 1
1 115 2 27 1
1 124 2 71 1
1 156 2 33 1
1 190 2 130 1
1 214 2 159 1
1 1 2 38 1
1 210 2 192 1
1 115 2 124 1
1 190 2 156 1
1 1 2 214 1
1 210 2 115 1
1 1 2 190 1
1 210 2 1 1
1 265 2 66 1
1 137 2 228 1
1 84 2 7 1
1 199 2 242 1
1 47 2 343 1
1 32 2 246 1
1 7 2 41 1
1 182 2 410 1
1 265 2 137 1
1 199 2 84 1
1 32 2 47 1
1 182 2 7 1
1 265 2 199 1
1 32 2 182 1
1 265 2 32 1
1 57 2 66 1
1 25 2 232 1
1 135 2 228 1
1 84 2 211 1
1 235 2 127 1
1 14 2 200 1
1 6 2 41 1
1 252 2 119 1
1 142 2 389 1
1 160 2 286 1
1 14 2 200 1
1 45 2 114 1
1 119 2 252 1
1 61 2 69 1
1 25 2 57 1
1 101 2 135 1
1 235 2 84 1
1 6 2 14 1
1 181 2 252 1
1 160 2 142 1
1 14 2 45 1
1 61 2 119 1
1 101 2 25 1
1 235 2 6 1
1 160 2 181 1
1 61 2 14 1
1 235 2 101 1
1 160 2 61 1
1 160 2 235 1
1 93 2 137 1
1 86 2 113 1
1 4 2 16 1
1 169 2 98 1
1 188 2 150 1
1 227 2 194 1
1 210 2 237 1
1 120 2 127 1
1 264 2 145 1
1 260 2 103 1
1 115 2 62 1
1 176 2 362 1
1 266 2 348 1
1 76 2 79 1
1 267 2 269 1
1 112 2 263 1
1 146 2 242 1
1 49 2 222 1
1 192 2 136 1
1 133 2 47 1
1 156 2 164 1
1 64 2 226 1
1 34 2 130 1
1 276 2 10 1
1 274 2 214 1
1 209 2 149 1
1 246 2 11 1
1 148 2 23 1
1 93 2 86 1
1 15 2 4 1
1 169 2 188 1
1 253 2 227 1
1 210 2 120 1
1 264 2 260 1
1 115 2 176 1
1 266 2 76 1
1 112 2 267 1
1 146 2 49 1
1 133 2 192 1
1 64 2 156 1
1 274 2 276 1
1 209 2 246 1
1 27 2 148 1
1 15 2 93 1
1 169 2 253 1
1 210 2 264 1
1 115 2 266 1
1 112 2 146 1
1 64 2 133 1
1 274 2 34 1
1 27 2 209 1
1 169 2 15 1
1 210 2 115 1
1 64 2 112 1
1 274 2 27 1
1 169 2 210 1
1 64 2 274 1
1 169 2 64 1
1 93 2 354 1
1 4 2 127 1
1 10 2 133 1
1 28 2 66 1
1 94 2 109 1
1 137 2 168 1
1 98 2 107 1
1 164 2 246 1
1 263 2 400 1
1 218 2 176 1
1 199 2 173 1
1 74 2 286 1
1 11 2 242 1
1 136 2 5 1
1 149 2 395 1
1 183 2 49 1
1 64 2 45 1
1 56 2 228 1
1 214 2 135 1
1 222 2 336 1
1 186 2 53 1
1 146 2 217 1
1 131 2 86 1
1 210 2 209 1
1 93 2 187 1
1 4 2 157 1
1 10 2 28 1
1 94 2 150 1
1 169 2 137 1
1 98 2 189 1
1 192 2 263 1
1 199 2 218 1
1 11 2 74 1
1 149 2 136 1
1 64 2 183 1
1 56 2 214 1
1 274 2 222 1
1 146 2 186 1
1 210 2 131 1
1 93 2 4 1
1 94 2 10 1
1 169 2 98 1
1 192 2 164 1
1 11 2 199 1
1 64 2 149 1
1 274 2 56 1
1 210 2 146 1
1 93 2 94 1
1 169 2 192 1
1 64 2 11 1
1 210 2 274 1
1 169 2 93 1
1 210 2 64 1
1 169 2 210 1
1 106 2 169 1
1 217 2 347 1
1 243 2 92 1
1 272 2 135 1
1 3 2 200 1
1 29 2 99 1
1 138 2 25 1
1 167 2 139 1
1 238 2 45 1
1 137 2 395 1
1 57 2 144 1
1 245 2 315 1
1 208 2 232 1
1 173 2 203 1
1 30 2 6 1
1 75 2 408 1
1 26 2 222 1
1 211 2 303 1
1 196 2 401 1
1 83 2 379 1
1 259 2 338 1
1 160 2 41 1
1 256 2 383 1
1 255 2 269 1
1 273 2 305 1
1 40 2 47 1
1 52 2 317 1
1 231 2 353 1
1 42 2 314 1
1 212 2 90 1
1 116 2 258 1
1 141 2 397 1
1 158 2 217 1
1 243 2 272 1
1 29 2 3 1
1 167 2 138 1
1 238 2 137 1
1 57 2 245 1
1 173 2 208 1
1 30 2 75 1
1 211 2 26 1
1 196 2 83 1
1 160 2 259 1
1 255 2 256 1
1 40 2 273 1
1 231 2 52 1
1 212 2 42 1
1 141 2 116 1
1 158 2 243 1
1 29 2 167 1
1 57 2 238 1
1 173 2 30 1
1 211 2 196 1
1 255 2 160 1
1 231 2 40 1
1 141 2 212 1
1 158 2 29 1
1 173 2 57 1
1 211 2 255 1
1 141 2 231 1
1 173 2 158 1
1 141 2 211 1
1 173 2 141 1
1 109 2 153 1
1 37 2 78 1
1 197 2 183 1
1 204 2 103 1
1 137 2 232 1
1 122 2 7 1
1 32 2 171 1
1 53 2 6 1
1 47 2 104 1
1 5 2 181 1
1 249 2 246 1
1 246 2 249 1
1 95 2 74 1
1 251 2 143 1
1 126 2 199 1
1 54 2 309 1
1 230 2 109 1
1 37 2 123 1
1 197 2 237 1
1 204 2 218 1
1 59 2 137 1
1 157 2 122 1
1 32 2 152 1
1 53 2 159 1
1 47 2 235 1
1 164 2 5 1
1 249 2 284 1
1 238 2 246 1
1 7 2 95 1
1 251 2 30 1
1 126 2 142 1
1 265 2 54 1
1 230 2 37 1
1 197 2 204 1
1 59 2 157 1
1 32 2 53 1
1 47 2 164 1
1 238 2 249 1
1 7 2 251 1
1 265 2 126 1
1 230 2 197 1
1 32 2 59 1
1 238 2 47 1
1 265 2 7 1
1 230 2 32 1
1 238 2 265 1
1 230 2 238 1
1 93 2 112 1
1 31 2 100 1
1 64 2 109 1
1 158 2 66 1
1 210 2 57 1
1 251 2 30 1
1 171 2 134 1
1 243 2 170 1
1 93 2 31 1
1 64 2 158 1
1 210 2 251 1
1 171 2 243 1
1 64 2 93 1
1 210 2 171 1
1 210 2 64 1
1 169 2 177 1
1 37 2 101 1
1 136 2 46 1
1 20 2 138 1
1 64 2 371 1
1 172 2 176 1
1 212 2 238 1
1 11 2 117 1
1 86 2 16 1
1 112 2 149 1
1 246 2 242 1
1 13 2 34 1
1 192 2 263 1
1 274 2 222 1
1 146 2 161 1
1 210 2 297 1
1 169 2 37 1
1 20 2 136 1
1 172 2 64 1
1 11 2 212 1
1 112 2 86 1
1 13 2 246 1
1 274 2 192 1
1 210 2 146 1
1 169 2 20 1
1 172 2 11 1
1 112 2 13 1
1 210 2 274 1
1 169 2 172 1
1 210 2 112 1
1 210 2 169 1
1 139 2 367 1
1 138 2 28 1
1 57 2 193 1
1 204 2 321 1
1 46 2 92 1
1 56 2 71 1
1 211 2 194 1
1 5 2 145 1
1 53 2 142 1
1 241 2 20 1
1 143 2 323 1
1 173 2 181 1
1 48 2 247 1
1 16 2 6 1
1 15 2 161 1
1 138 2 139 1
1 57 2 204 1
1 46 2 56 1
1 5 2 211 1
1 241 2 53 1
1 143 2 173 1
1 81 2 48 1
1 15 2 16 1
1 57 2 138 1
1 46 2 5 1
1 143 2 241 1
1 81 2 15 1
1 46 2 57 1
1 81 2 143 1
1 46 2 81 1
1 249 2 132 1
1 81 2 202 1
1 2 2 243 1
1 42 2 254 1
1 126 2 249 1
1 39 2 204 1
1 101 2 257 1
1 264 2 293 1
1 81 2 142 1
1 47 2 123 1
1 2 2 42 1
1 39 2 126 1
1 101 2 264 1
1 47 2 81 1
1 2 2 39 1
1 101 2 47 1
1 101 2 2 1
1 49 2 228 1
1 45 2 290 1
1 191 2 104 1
1 12 2 209 1
1 78 2 264 1
1 4 2 84 1
1 30 2 199 1
1 62 2 173 1
1 161 2 117 1
1 37 2 368 1
1 6 2 109 1
1 57 2 25 1
1 23 2 184 1
1 237 2 7 1
1 16 2 330 1
1 22 2 10 1
1 164 2 299 1
1 276 2 127 1
1 263 2 170 1
1 160 2 217 1
1 145 2 41 1
1 212 2 9 1
1 152 2 405 1
1 149 2 81 1
1 92 2 358 1
1 274 2 410 1
1 49 2 45 1
1 191 2 12 1
1 78 2 4 1
1 30 2 98 1
1 161 2 62 1
1 37 2 6 1
1 57 2 23 1
1 204 2 237 1
1 22 2 16 1
1 276 2 164 1
1 263 2 160 1
1 212 2 145 1
1 152 2 150 1
1 11 2 92 1
1 227 2 274 1
1 49 2 191 1
1 78 2 30 1
1 37 2 161 1
1 204 2 57 1
1 22 2 276 1
1 212 2 263 1
1 11 2 227 1
1 49 2 78 1
1 37 2 204 1
1 22 2 212 1
1 49 2 37 1
1 11 2 22 1
1 11 2 49 1
1 129 2 266 1
1 106 2 169 1
1 106 2 129 1
1 112 2 181 1
1 212 2 164 1
1 208 2 127 1
1 8 2 20 1
1 211 2 160 1
1 40 2 237 1
1 190 2 241 1
1 112 2 212 1
1 208 2 26 1
1 8 2 211 1
1 190 2 40 1
1 112 2 208 1
1 8 2 190 1
1 112 2 8 1
1 129 2 21 1
1 204 2 33 1
1 142 2 14 1
1 184 2 42 1
1 36 2 2 1
1 263 2 293 1
1 55 2 327 1
1 47 2 194 1
1 46 2 326 1
1 123 2 202 1
1 264 2 257 1
1 182 2 246 1
1 32 2 92 1
1 101 2 81 1
1 39 2 162 1
1 126 2 266 1
1 129 2 204 1
1 142 2 184 1
1 36 2 263 1
1 47 2 55 1
1 46 2 123 1
1 264 2 182 1
1 101 2 32 1
1 39 2 126 1
1 142 2 129 1
1 36 2 47 1
1 46 2 264 1
1 101 2 39 1
1 36 2 142 1
1 46 2 101 1
1 36 2 46 1
1 44 2 255 1
1 265 2 8 1
1 219 2 26 1
1 141 2 3 1
1 238 2 40 1
1 230 2 160 1
1 177 2 172 1
1 24 2 7 1
1 265 2 44 1
1 219 2 141 1
1 238 2 230 1
1 24 2 177 1
1 265 2 219 1
1 238 2 24 1
1 265 2 238 1
1 20 2 26 1
1 115 2 212 1
1 190 2 160 1
1 106 2 30 1
1 22 2 208 1
1 64 2 234 1
1 57 2 79 1
1 253 2 46 1
1 130 2 276 1
1 3 2 211 1
1 177 2 124 1
1 219 2 156 1
1 255 2 237 1
1 44 2 70 1
1 59 2 230 1
1 251 2 7 1
1 100 2 274 1
1 40 2 2 1
1 13 2 311 1
1 31 2 83 1
1 8 2 210 1
1 231 2 27 1
1 24 2 109 1
1 172 2 266 1
1 133 2 20 1
1 115 2 190 1
1 106 2 22 1
1 64 2 57 1
1 253 2 130 1
1 3 2 177 1
1 219 2 255 1
1 59 2 44 1
1 251 2 100 1
1 13 2 40 1
1 31 2 8 1
1 224 2 231 1
1 238 2 265 1
1 129 2 55 1
1 24 2 172 1
1 115 2 133 1
1 64 2 106 1
1 253 2 3 1
1 59 2 219 1
1 251 2 13 1
1 224 2 31 1
1 129 2 238 1
1 24 2 115 1
1 253 2 64 1
1 59 2 251 1
1 129 2 224 1
1 24 2 253 1
1 129 2 59 1
1 129 2 24 1
1 253 2 79 1
1 274 2 156 1
1 219 2 57 1
1 115 2 422 1
1 224 2 228 1
1 130 2 165 1
1 238 2 124 1
1 13 2 2 1
1 253 2 274 1
1 219 2 115 1
1 224 2 130 1
1 13 2 238 1
1 219 2 253 1
1 13 2 224 1
1 13 2 219 1
1 169 2 207 1
1 23 2 218 1
1 134 2 48 1
1 149 2 98 1
1 86 2 19 1
1 274 2 235 1
1 120 2 304 1
1 154 2 49 1
1 10 2 227 1
1 15 2 38 1
1 37 2 161 1
1 198 2 9 1
1 88 2 187 1
1 110 2 164 1
1 68 2 135 1
1 11 2 189 1
1 192 2 47 1
1 176 2 108 1
1 188 2 143 1
1 16 2 339 1
1 54 2 228 1
1 214 2 42 1
1 197 2 348 1
1 173 2 150 1
1 85 2 62 1
1 146 2 121 1
1 113 2 99 1
1 276 2 17 1
1 209 2 241 1
1 1 2 277 1
1 169 2 23 1
1 149 2 86 1
1 274 2 120 1
1 154 2 10 1
1 15 2 37 1
1 198 2 88 1
1 110 2 68 1
1 192 2 11 1
1 188 2 176 1
1 16 2 410 1
1 214 2 54 1
1 197 2 173 1
1 146 2 85 1
1 276 2 113 1
1 1 2 209 1
1 134 2 169 1
1 149 2 274 1
1 154 2 15 1
1 110 2 198 1
1 192 2 188 1
1 214 2 16 1
1 146 2 197 1
1 1 2 276 1
1 149 2 134 1
1 154 2 110 1
1 192 2 214 1
1 1 2 146 1
1 154 2 149 1
1 192 2 1 1
1 192 2 154 1
1 34 2 281 1
1 145 2 150 1
1 226 2 396 1
1 264 2 16 1
1 147 2 121 1
1 154 2 365 1
1 86 2 410 1
1 125 2 232 1
1 103 2 235 1
1 225 2 187 1
1 146 2 143 1
1 68 2 84 1
1 54 2 348 1
1 34 2 145 1
1 38 2 280 1
1 226 2 286 1
1 47 2 278 1
1 214 2 85 1
1 138 2 44 1
1 264 2 147 1
1 86 2 154 1
1 110 2 103 1
1 9 2 67 1
1 146 2 225 1
1 34 2 38 1
1 47 2 226 1
1 214 2 138 1
1 264 2 86 1
1 146 2 9 1
1 34 2 47 1
1 264 2 214 1
1 68 2 54 1
1 264 2 34 1
1 264 2 68 1
1 169 2 45 1
1 260 2 85 1
1 97 2 269 1
1 73 2 188 1
1 214 2 276 1
1 181 2 155 1
1 23 2 48 1
1 98 2 49 1
1 156 2 138 1
1 170 2 110 1
1 226 2 355 1
1 130 2 146 1
1 149 2 160 1
1 94 2 199 1
1 57 2 267 1
1 115 2 74 1
1 169 2 260 1
1 73 2 97 1
1 181 2 214 1
1 98 2 23 1
1 156 2 170 1
1 130 2 226 1
1 149 2 94 1
1 115 2 57 1
1 169 2 73 1
1 98 2 181 1
1 156 2 130 1
1 115 2 149 1
1 169 2 98 1
1 156 2 115 1
1 169 2 156 1
1 15 2 121 1
1 197 2 11 1
1 161 2 54 1
1 227 2 146 1
1 150 2 320 1
1 99 2 98 1
1 48 2 17 1
1 10 2 38 1
1 214 2 51 1
1 108 2 228 1
1 23 2 176 1
1 110 2 88 1
1 37 2 410 1
1 207 2 187 1
1 169 2 235 1
1 49 2 15 1
1 226 2 122 1
1 161 2 147 1
1 73 2 192 1
1 68 2 164 1
1 136 2 227 1
1 9 2 348 1
1 99 2 150 1
1 149 2 48 1
1 173 2 189 1
1 10 2 214 1
1 110 2 23 1
1 207 2 37 1
1 169 2 86 1
1 49 2 197 1
1 161 2 226 1
1 73 2 68 1
1 9 2 136 1
1 149 2 99 1
1 10 2 173 1
1 169 2 207 1
1 161 2 49 1
1 73 2 9 1
1 10 2 149 1
1 161 2 73 1
1 169 2 10 1
1 169 2 161 1
1 156 2 76 1
1 79 2 68 1
1 15 2 173 1
1 130 2 74 1
1 98 2 110 1
1 104 2 228 1
1 235 2 48 1
1 16 2 416 1
1 156 2 5 1
1 79 2 375 1
1 15 2 182 1
1 130 2 199 1
1 98 2 164 1
1 104 2 54 1
1 248 2 235 1
1 226 2 16 1
1 79 2 156 1
1 15 2 130 1
1 104 2 98 1
1 248 2 226 1
1 79 2 15 1
1 248 2 104 1
1 79 2 248 1
1 129 2 257 1
1 21 2 107 1
1 142 2 46 1
1 47 2 190 1
1 264 2 266 1
1 22 2 36 1
1 212 2 101 1
1 106 2 42 1
1 129 2 21 1
1 47 2 142 1
1 22 2 264 1
1 106 2 212 1
1 129 2 47 1
1 106 2 22 1
1 129 2 106 1
1 34 2 84 1
1 192 2 410 1
1 235 2 348 1
1 173 2 138 1
1 38 2 86 1
1 150 2 67 1
1 226 2 134 1
1 23 2 94 1
1 233 2 5 1
1 241 2 121 1
1 268 2 16 1
1 104 2 143 1
1 187 2 176 1
1 242 2 148 1
1 34 2 209 1
1 192 2 235 1
1 173 2 164 1
1 161 2 38 1
1 146 2 10 1
1 47 2 150 1
1 226 2 23 1
1 276 2 233 1
1 154 2 122 1
1 110 2 241 1
1 103 2 12 1
1 9 2 268 1
1 187 2 104 1
1 269 2 242 1
1 214 2 260 1
1 34 2 192 1
1 173 2 161 1
1 146 2 47 1
1 276 2 226 1
1 154 2 110 1
1 9 2 103 1
1 214 2 269 1
1 34 2 173 1
1 276 2 146 1
1 154 2 9 1
1 34 2 276 1
1 154 2 214 1
1 34 2 154 1
1 93 2 7 1
1 31 2 208 1
1 210 2 115 1
1 133 2 302 1
1 158 2 46 1
1 22 2 190 1
1 265 2 130 1
1 169 2 212 1
1 93 2 31 1
1 210 2 133 1
1 22 2 158 1
1 265 2 169 1
1 93 2 210 1
1 265 2 22 1
1 93 2 265 1
1 110 2 395 1
1 182 2 139 1
1 189 2 136 1
1 180 2 12 1
1 80 2 168 1
1 248 2 413 1
1 182 2 110 1
1 76 2 189 1
1 173 2 180 1
1 248 2 80 1
1 182 2 76 1
1 248 2 173 1
1 182 2 248 1
1 100 2 13 1
1 24 2 64 1
1 59 2 210 1
1 93 2 219 1
1 24 2 100 1
1 93 2 59 1
1 24 2 93 1
1 93 2 263 1
1 22 2 221 1
1 266 2 176 1
1 92 2 103 1
1 230 2 188 1
1 78 2 195 1
1 49 2 38 1
1 83 2 147 1
1 64 2 17 1
1 264 2 127 1
1 237 2 310 1
1 145 2 306 1
1 190 2 40 1
1 48 2 197 1
1 152 2 192 1
1 173 2 97 1
1 257 2 420 1
1 31 2 189 1
1 102 2 387 1
1 100 2 4 1
1 276 2 178 1
1 214 2 104 1
1 11 2 287 1
1 1 2 160 1
1 154 2 85 1
1 209 2 385 1
1 164 2 126 1
1 115 2 241 1
1 41 2 6 1
1 141 2 153 1
1 242 2 410 1
1 254 2 210 1
1 93 2 22 1
1 266 2 92 1
1 78 2 230 1
1 49 2 83 1
1 64 2 264 1
1 237 2 145 1
1 190 2 48 1
1 173 2 152 1
1 31 2 257 1
1 100 2 102 1
1 276 2 214 1
1 1 2 11 1
1 154 2 209 1
1 115 2 164 1
1 141 2 41 1
1 254 2 242 1
1 93 2 266 1
1 49 2 78 1
1 64 2 237 1
1 173 2 190 1
1 100 2 31 1
1 1 2 276 1
1 115 2 154 1
1 141 2 254 1
1 93 2 49 1
1 64 2 173 1
1 1 2 100 1
1 141 2 115 1
1 93 2 64 1
1 1 2 141 1
1 1 2 93 1
1 59 2 177 1
1 46 2 134 1
1 141 2 70 1
1 230 2 237 1
1 251 2 25 1
1 40 2 75 1
1 212 2 55 1
1 1 2 101 1
1 219 2 83 1
1 124 2 231 1
1 158 2 27 1
1 100 2 127 1
1 31 2 58 1
1 238 2 398 1
1 13 2 7 1
1 129 2 59 1
1 46 2 141 1
1 230 2 251 1
1 212 2 40 1
1 1 2 219 1
1 158 2 124 1
1 31 2 100 1
1 13 2 238 1
1 129 2 46 1
1 212 2 230 1
1 158 2 1 1
1 31 2 13 1
1 129 2 212 1
1 158 2 31 1
1 129 2 158 1
1 47 2 32 1
1 59 2 235 1
1 145 2 186 1
1 210 2 193 1
1 123 2 160 1
1 66 2 31 1
1 109 2 27 1
1 100 2 21 1
1 264 2 95 1
1 251 2 197 1
1 241 2 248 1
1 230 2 189 1
1 252 2 425 1
1 30 2 274 1
1 70 2 242 1
1 214 2 171 1
1 238 2 92 1
1 35 2 110 1
1 4 2 112 1
1 212 2 69 1
1 46 2 154 1
1 57 2 204 1
1 13 2 276 1
1 131 2 126 1
1 181 2 265 1
1 22 2 199 1
1 64 2 237 1
1 142 2 103 1
1 226 2 173 1
1 83 2 354 1
1 129 2 78 1
1 263 2 47 1
1 59 2 145 1
1 210 2 123 1
1 109 2 66 1
1 264 2 100 1
1 241 2 251 1
1 252 2 230 1
1 30 2 70 1
1 238 2 214 1
1 35 2 4 1
1 212 2 46 1
1 57 2 13 1
1 181 2 131 1
1 64 2 22 1
1 226 2 142 1
1 129 2 83 1
1 59 2 263 1
1 210 2 109 1
1 264 2 241 1
1 30 2 252 1
1 238 2 35 1
1 212 2 57 1
1 64 2 181 1
1 129 2 226 1
1 210 2 59 1
1 30 2 264 1
1 212 2 238 1
1 129 2 64 1
1 210 2 30 1
1 129 2 212 1
1 129 2 210 1
1 191 2 157 1
1 103 2 27 1
1 266 2 384 1
1 164 2 76 1
1 13 2 79 1
1 182 2 425 1
1 274 2 127 1
1 11 2 409 1
1 264 2 98 1
1 190 2 16 1
1 267 2 48 1
1 31 2 145 1
1 15 2 201 1
1 46 2 242 1
1 136 2 194 1
1 210 2 226 1
1 191 2 103 1
1 266 2 164 1
1 13 2 182 1
1 274 2 11 1
1 264 2 190 1
1 31 2 267 1
1 15 2 46 1
1 210 2 136 1
1 191 2 266 1
1 274 2 13 1
1 264 2 31 1
1 210 2 15 1
1 274 2 191 1
1 210 2 264 1
1 274 2 210 1
1 223 2 232 1
1 25 2 347 1
1 231 2 411 1
1 41 2 13 1
1 208 2 3 1
1 173 2 183 1
1 133 2 217 1
1 204 2 243 1
1 59 2 251 1
1 90 2 45 1
1 158 2 42 1
1 186 2 139 1
1 211 2 237 1
1 137 2 203 1
1 230 2 27 1
1 93 2 223 1
1 29 2 25 1
1 231 2 57 1
1 47 2 269 1
1 41 2 32 1
1 208 2 222 1
1 255 2 173 1
1 133 2 16 1
1 204 2 199 1
1 59 2 107 1
1 177 2 90 1
1 158 2 263 1
1 95 2 186 1
1 211 2 160 1
1 137 2 136 1
1 230 2 83 1
1 93 2 29 1
1 231 2 47 1
1 208 2 41 1
1 255 2 133 1
1 59 2 204 1
1 158 2 177 1
1 95 2 211 1
1 230 2 137 1
1 93 2 231 1
1 255 2 208 1
1 59 2 158 1
1 230 2 95 1
1 255 2 93 1
1 59 2 230 1
1 255 2 59 1
1 93 2 57 1
1 54 2 242 1
1 17 2 138 1
1 37 2 126 1
1 49 2 68 1
1 122 2 295 1
1 214 2 181 1
1 67 2 84 1
1 100 2 160 1
1 235 2 196 1
1 121 2 161 1
1 86 2 134 1
1 164 2 287 1
1 260 2 150 1
1 188 2 127 1
1 13 2 92 1
1 212 2 135 1
1 155 2 7 1
1 40 2 41 1
1 115 2 195 1
1 76 2 143 1
1 15 2 48 1
1 22 2 153 1
1 210 2 9 1
1 184 2 360 1
1 241 2 267 1
1 149 2 141 1
1 70 2 226 1
1 147 2 187 1
1 19 2 192 1
1 209 2 47 1
1 74 2 392 1
1 198 2 176 1
1 274 2 397 1
1 263 2 372 1
1 97 2 83 1
1 94 2 145 1
1 64 2 156 1
1 237 2 88 1
1 178 2 217 1
1 254 2 6 1
1 112 2 38 1
1 152 2 110 1
1 257 2 85 1
1 10 2 333 1
1 169 2 189 1
1 276 2 25 1
1 227 2 251 1
1 16 2 193 1
1 78 2 285 1
1 130 2 252 1
1 264 2 173 1
1 154 2 23 1
1 1 2 201 1
1 197 2 103 1
1 146 2 292 1
1 4 2 104 1
1 73 2 109 1
1 232 2 268 1
1 11 2 136 1
1 98 2 386 1
1 24 2 301 1
1 93 2 54 1
1 17 2 37 1
1 49 2 122 1
1 214 2 67 1
1 100 2 235 1
1 121 2 86 1
1 31 2 164 1
1 260 2 188 1
1 13 2 212 1
1 155 2 40 1
1 115 2 76 1
1 15 2 22 1
1 210 2 34 1
1 241 2 184 1
1 149 2 70 1
1 19 2 147 1
1 74 2 209 1
1 274 2 198 1
1 263 2 97 1
1 64 2 94 1
1 237 2 178 1
1 112 2 254 1
1 152 2 257 1
1 169 2 10 1
1 276 2 227 1
1 16 2 78 1
1 130 2 264 1
1 1 2 154 1
1 146 2 197 1
1 73 2 4 1
1 11 2 232 1
1 24 2 98 1
1 93 2 17 1
1 49 2 214 1
1 100 2 121 1
1 31 2 260 1
1 13 2 155 1
1 15 2 115 1
1 210 2 241 1
1 19 2 149 1
1 274 2 74 1
1 64 2 263 1
1 112 2 237 1
1 169 2 152 1
1 276 2 16 1
1 1 2 130 1
1 73 2 146 1
1 24 2 11 1
1 93 2 49 1
1 100 2 31 1
1 15 2 13 1
1 210 2 19 1
1 64 2 274 1
1 169 2 112 1
1 1 2 276 1
1 24 2 73 1
1 100 2 93 1
1 210 2 15 1
1 64 2 169 1
1 1 2 24 1
1 100 2 210 1
1 1 2 64 1
1 1 2 100 1
1 93 2 308 1
1 197 2 10 1
1 17 2 110 1
1 264 2 113 1
1 145 2 236 1
1 248 2 4 1
1 152 2 98 1
1 74 2 164 1
1 214 2 5 1
1 166 2 209 1
1 146 2 316 1
1 43 2 350 1
1 1 2 189 1
1 93 2 197 1
1 17 2 96 1
1 264 2 338 1
1 145 2 38 1
1 248 2 152 1
1 214 2 74 1
1 146 2 166 1
1 1 2 43 1
1 93 2 17 1
1 145 2 264 1
1 248 2 214 1
1 146 2 1 1
1 93 2 145 1
1 146 2 248 1
1 93 2 146 1
1 230 2 126 1
1 228 2 139 1
1 57 2 142 1
1 109 2 391 1
1 208 2 200 1
1 25 2 3 1
1 249 2 74 1
1 21 2 337 1
1 211 2 95 1
1 22 2 235 1
1 243 2 45 1
1 114 2 141 1
1 36 2 160 1
1 81 2 83 1
1 59 2 92 1
1 230 2 228 1
1 57 2 109 1
1 208 2 25 1
1 249 2 21 1
1 211 2 22 1
1 243 2 114 1
1 81 2 36 1
1 59 2 257 1
1 230 2 57 1
1 208 2 249 1
1 211 2 243 1
1 59 2 81 1
1 208 2 230 1
1 211 2 59 1
1 211 2 208 1
1 106 2 112 1
1 130 2 2 1
1 115 2 138 1
1 266 2 7 1
1 255 2 26 1
1 177 2 79 1
1 265 2 231 1
1 24 2 83 1
1 106 2 130 1
1 266 2 115 1
1 177 2 255 1
1 24 2 265 1
1 266 2 106 1
1 24 2 177 1
1 24 2 266 1
1 93 2 160 1
1 112 2 166 1
1 208 2 40 1
1 8 2 234 1
1 231 2 251 1
1 248 2 26 1
1 83 2 46 1
1 24 2 3 1
1 93 2 112 1
1 8 2 208 1
1 248 2 231 1
1 24 2 83 1
1 93 2 8 1
1 24 2 248 1
1 24 2 93 1
1 106 2 181 1
1 142 2 92 1
1 30 2 109 1
1 66 2 250 1
1 49 2 84 1
1 114 2 69 1
1 94 2 61 1
1 252 2 126 1
1 241 2 211 1
1 83 2 155 1
1 158 2 97 1
1 81 2 6 1
1 126 2 252 1
1 45 2 218 1
1 139 2 230 1
1 106 2 36 1
1 235 2 142 1
1 183 2 30 1
1 66 2 7 1
1 95 2 49 1
1 114 2 25 1
1 94 2 135 1
1 252 2 390 1
1 241 2 160 1
1 232 2 22 1
1 83 2 171 1
1 158 2 200 1
1 81 2 41 1
1 251 2 126 1
1 228 2 45 1
1 199 2 139 1
1 106 2 235 1
1 66 2 183 1
1 114 2 95 1
1 94 2 252 1
1 241 2 232 1
1 158 2 83 1
1 81 2 251 1
1 199 2 228 1
1 106 2 66 1
1 114 2 94 1
1 158 2 241 1
1 81 2 199 1
1 106 2 114 1
1 158 2 81 1
1 158 2 106 1
1 93 2 177 1
1 160 2 20 1
1 44 2 26 1
1 253 2 79 1
1 83 2 8 1
1 190 2 230 1
1 212 2 24 1
1 231 2 93 1
1 44 2 160 1
1 253 2 83 1
1 190 2 212 1
1 44 2 231 1
1 190 2 253 1
1 190 2 44 1
1 129 2 425 1
1 47 2 187 1
1 267 2 226 1
1 130 2 27 1
1 76 2 384 1
1 188 2 4 1
1 194 2 111 1
1 31 2 237 1
1 145 2 15 1
1 103 2 260 1
1 70 2 259 1
1 264 2 182 1
1 78 2 98 1
1 79 2 191 1
1 48 2 254 1
1 100 2 269 1
1 129 2 47 1
1 130 2 267 1
1 76 2 188 1
1 31 2 194 1
1 103 2 145 1
1 264 2 70 1
1 79 2 78 1
1 100 2 48 1
1 129 2 130 1
1 31 2 76 1
1 264 2 103 1
1 79 2 100 1
1 129 2 31 1
1 79 2 264 1
1 129 2 79 1
1 64 2 8 1
1 141 2 160 1
1 212 2 44 1
1 100 2 46 1
1 172 2 78 1
1 40 2 237 1
1 3 2 2 1
1 190 2 255 1
1 141 2 64 1
1 100 2 212 1
1 40 2 172 1
1 190 2 3 1
1 100 2 141 1
1 190 2 40 1
1 100 2 190 1
1 22 2 158 1
1 31 2 255 1
1 83 2 8 1
1 231 2 266 1
1 210 2 3 1
1 40 2 124 1
1 133 2 78 1
1 129 2 208 1
1 31 2 22 1
1 231 2 83 1
1 210 2 40 1
1 129 2 133 1
1 231 2 31 1
1 129 2 210 1
1 129 2 231 1
1 169 2 181 1
1 161 2 99 1
1 110 2 16 1
1 47 2 4 1
1 198 2 134 1
1 260 2 152 1
1 57 2 237 1
1 264 2 283 1
1 112 2 153 1
1 269 2 37 1
1 73 2 397 1
1 30 2 199 1
1 154 2 78 1
1 68 2 17 1
1 214 2 380 1
1 130 2 267 1
1 48 2 109 1
1 15 2 76 1
1 86 2 94 1
1 190 2 10 1
1 98 2 207 1
1 235 2 149 1
1 193 2 97 1
1 160 2 115 1
1 146 2 121 1
1 34 2 92 1
1 274 2 143 1
1 155 2 263 1
1 173 2 355 1
1 85 2 187 1
1 64 2 126 1
1 169 2 161 1
1 110 2 47 1
1 260 2 198 1
1 57 2 264 1
1 112 2 269 1
1 73 2 30 1
1 68 2 154 1
1 130 2 214 1
1 15 2 48 1
1 190 2 86 1
1 98 2 235 1
1 160 2 193 1
1 146 2 34 1
1 195 2 274 1
1 173 2 155 1
1 64 2 85 1
1 169 2 110 1
1 260 2 57 1
1 112 2 73 1
1 130 2 68 1
1 15 2 190 1
1 98 2 160 1
1 146 2 195 1
1 64 2 173 1
1 169 2 260 1
1 112 2 130 1
1 98 2 15 1
1 64 2 146 1
1 169 2 112 1
1 64 2 98 1
1 64 2 169 1
1 129 2 241 1
1 264 2 124 1
1 130 2 228 1
1 160 2 186 1
1 210 2 76 1
1 197 2 249 1
1 31 2 149 1
1 109 2 181 1
1 192 2 169 1
1 214 2 61 1
1 274 2 21 1
1 86 2 71 1
1 100 2 154 1
1 110 2 27 1
1 238 2 249 1
1 133 2 155 1
1 211 2 193 1
1 98 2 194 1
1 40 2 83 1
1 64 2 17 1
1 164 2 189 1
1 112 2 146 1
1 93 2 122 1
1 173 2 182 1
1 49 2 4 1
1 209 2 3 1
1 1 2 11 1
1 126 2 30 1
1 231 2 68 1
1 94 2 247 1
1 24 2 142 1
1 129 2 264 1
1 130 2 160 1
1 210 2 197 1
1 31 2 109 1
1 192 2 214 1
1 274 2 86 1
1 100 2 110 1
1 133 2 238 1
1 98 2 211 1
1 64 2 40 1
1 112 2 164 1
1 173 2 49 1
1 1 2 209 1
1 231 2 126 1
1 24 2 94 1
1 129 2 130 1
1 210 2 31 1
1 192 2 274 1
1 100 2 133 1
1 64 2 98 1
1 93 2 112 1
1 1 2 173 1
1 24 2 231 1
1 210 2 129 1
1 100 2 192 1
1 64 2 93 1
1 24 2 1 1
1 100 2 210 1
1 24 2 64 1
1 24 2 100 1
1 201 2 19 1
1 10 2 47 1
1 235 2 395 1
1 86 2 283 1
1 76 2 191 1
1 146 2 212 1
1 198 2 259 1
1 57 2 25 1
1 121 2 193 1
1 227 2 98 1
1 260 2 23 1
1 130 2 15 1
1 161 2 187 1
1 109 2 110 1
1 269 2 329 1
1 30 2 143 1
1 24 2 201 1
1 10 2 267 1
1 149 2 235 1
1 37 2 86 1
1 76 2 181 1
1 146 2 409 1
1 198 2 355 1
1 57 2 7 1
1 16 2 121 1
1 274 2 227 1
1 260 2 394 1
1 112 2 130 1
1 161 2 397 1
1 269 2 134 1
1 169 2 30 1
1 24 2 10 1
1 37 2 149 1
1 146 2 76 1
1 57 2 198 1
1 274 2 16 1
1 112 2 260 1
1 169 2 269 1
1 24 2 37 1
1 146 2 57 1
1 112 2 274 1
1 169 2 161 1
1 24 2 146 1
1 169 2 112 1
1 24 2 169 1
1 93 2 130 1
1 212 2 26 1
1 73 2 201 1
1 1 2 115 1
1 156 2 190 1
1 2 2 177 1
1 274 2 230 1
1 24 2 195 1
1 93 2 212 1
1 73 2 1 1
1 156 2 2 1
1 274 2 24 1
1 93 2 73 1
1 274 2 156 1
1 93 2 274 1
1 24 2 208 1
1 124 2 22 1
1 2 2 160 1
1 115 2 156 1
1 133 2 26 1
1 8 2 57 1
1 274 2 130 1
1 106 2 276 1
1 124 2 24 1
1 2 2 115 1
1 133 2 8 1
1 106 2 274 1
1 124 2 2 1
1 106 2 133 1
1 106 2 124 1
1 129 2 47 1
1 263 2 142 1
1 156 2 155 1
1 30 2 126 1
1 64 2 249 1
1 110 2 189 1
1 73 2 98 1
1 94 2 257 1
1 169 2 152 1
1 74 2 56 1
1 214 2 276 1
1 180 2 287 1
1 100 2 160 1
1 4 2 149 1
1 212 2 235 1
1 248 2 48 1
1 22 2 7 1
1 274 2 70 1
1 103 2 194 1
1 112 2 264 1
1 37 2 32 1
1 34 2 16 1
1 173 2 86 1
1 210 2 193 1
1 190 2 33 1
1 21 2 69 1
1 31 2 181 1
1 57 2 154 1
1 124 2 109 1
1 46 2 81 1
1 93 2 95 1
1 129 2 263 1
1 156 2 30 1
1 64 2 110 1
1 73 2 94 1
1 169 2 74 1
1 214 2 180 1
1 100 2 4 1
1 212 2 248 1
1 274 2 22 1
1 112 2 103 1
1 34 2 37 1
1 173 2 210 1
1 31 2 21 1
1 57 2 124 1
1 93 2 46 1
1 129 2 156 1
1 64 2 73 1
1 169 2 214 1
1 100 2 212 1
1 274 2 112 1
1 34 2 173 1
1 31 2 190 1
1 93 2 57 1
1 129 2 64 1
1 100 2 169 1
1 274 2 34 1
1 93 2 31 1
1 129 2 100 1
1 274 2 93 1
1 129 2 274 1
1 156 2 253 1
1 219 2 274 1
1 64 2 30 1
1 100 2 70 1
1 57 2 109 1
1 13 2 238 1
1 59 2 156 1
1 219 2 64 1
1 124 2 100 1
1 13 2 57 1
1 59 2 219 1
1 13 2 124 1
1 59 2 13 1
1 183 2 288 1
1 109 2 168 1
1 142 2 41 1
1 95 2 135 1
1 252 2 218 1
1 211 2 66 1
1 200 2 97 1
1 84 2 160 1
1 30 2 390 1
1 250 2 328 1
1 92 2 199 1
1 36 2 154 1
1 57 2 139 1
1 252 2 218 1
1 241 2 340 1
1 183 2 49 1
1 109 2 45 1
1 83 2 142 1
1 114 2 305 1
1 94 2 95 1
1 252 2 155 1
1 211 2 63 1
1 7 2 200 1
1 69 2 84 1
1 30 2 6 1
1 173 2 92 1
1 181 2 36 1
1 57 2 232 1
1 155 2 252 1
1 231 2 241 1
1 183 2 109 1
1 83 2 114 1
1 94 2 252 1
1 211 2 7 1
1 30 2 69 1
1 173 2 250 1
1 57 2 181 1
1 231 2 155 1
1 83 2 183 1
1 211 2 94 1
1 30 2 173 1
1 57 2 231 1
1 211 2 83 1
1 30 2 57 1
1 30 2 211 1
1 112 2 4 1
1 96 2 10 1
1 197 2 98 1
1 146 2 152 1
1 164 2 47 1
1 17 2 189 1
1 5 2 192 1
1 96 2 112 1
1 38 2 197 1
1 146 2 164 1
1 17 2 5 1
1 38 2 96 1
1 146 2 17 1
1 146 2 38 1
1 8 2 133 1
1 160 2 79 1
1 44 2 55 1
1 253 2 22 1
1 59 2 172 1
1 208 2 20 1
1 2 2 276 1
1 13 2 27 1
1 8 2 160 1
1 44 2 253 1
1 208 2 59 1
1 13 2 2 1
1 8 2 44 1
1 13 2 208 1
1 13 2 8 1
1 93 2 137 1
1 70 2 86 1
1 156 2 25 1
1 143 2 189 1
1 31 2 103 1
1 57 2 248 1
1 59 2 193 1
1 194 2 83 1
1 100 2 309 1
1 252 2 238 1
1 251 2 197 1
1 4 2 124 1
1 21 2 154 1
1 231 2 209 1
1 37 2 71 1
1 47 2 142 1
1 263 2 265 1
1 135 2 48 1
1 238 2 252 1
1 22 2 312 1
1 81 2 173 1
1 126 2 257 1
1 210 2 6 1
1 264 2 56 1
1 190 2 33 1
1 34 2 98 1
1 230 2 53 1
1 276 2 235 1
1 274 2 14 1
1 30 2 181 1
1 214 2 64 1
1 93 2 70 1
1 156 2 143 1
1 31 2 57 1
1 59 2 194 1
1 100 2 252 1
1 251 2 4 1
1 112 2 21 1
1 231 2 37 1
1 47 2 263 1
1 238 2 135 1
1 22 2 81 1
1 210 2 126 1
1 264 2 190 1
1 34 2 230 1
1 274 2 276 1
1 30 2 214 1
1 93 2 156 1
1 59 2 31 1
1 100 2 251 1
1 112 2 231 1
1 238 2 47 1
1 210 2 22 1
1 264 2 34 1
1 274 2 30 1
1 59 2 93 1
1 100 2 112 1
1 238 2 210 1
1 274 2 264 1
1 100 2 59 1
1 274 2 238 1
1 100 2 274 1
1 265 2 257 1
1 181 2 92 1
1 211 2 417 1
1 194 2 84 1
1 218 2 294 1
1 47 2 39 1
1 42 2 107 1
1 241 2 7 1
1 7 2 363 1
1 36 2 263 1
1 89 2 126 1
1 101 2 202 1
1 20 2 142 1
1 264 2 123 1
1 134 2 243 1
1 106 2 21 1
1 265 2 181 1
1 211 2 194 1
1 47 2 218 1
1 42 2 241 1
1 36 2 7 1
1 101 2 89 1
1 20 2 264 1
1 106 2 134 1
1 211 2 265 1
1 47 2 42 1
1 101 2 36 1
1 20 2 106 1
1 47 2 211 1
1 101 2 20 1
1 101 2 47 1
1 24 2 26 1
1 1 2 130 1
1 173 2 23 1
1 106 2 115 1
1 253 2 57 1
1 2 2 332 1
1 274 2 227 1
1 93 2 156 1
1 1 2 24 1
1 106 2 173 1
1 253 2 2 1
1 274 2 93 1
1 106 2 1 1
1 274 2 253 1
1 274 2 106 1
1 13 2 40 1
1 177 2 3 1
1 243 2 27 1
1 211 2 253 1
1 266 2 79 1
1 44 2 251 1
1 238 2 172 1
1 219 2 230 1
1 13 2 177 1
1 211 2 243 1
1 266 2 44 1
1 238 2 219 1
1 13 2 211 1
1 266 2 238 1
1 13 2 266 1
1 253 2 70 1
1 59 2 109 1
1 219 2 30 1
1 44 2 224 1
1 1 2 79 1
1 172 2 57 1
1 238 2 156 1
1 13 2 274 1
1 59 2 253 1
1 219 2 44 1
1 1 2 172 1
1 13 2 238 1
1 219 2 59 1
1 13 2 1 1
1 13 2 219 1
1 129 2 241 1
1 98 2 27 1
1 214 2 275 1
1 48 2 83 1
1 64 2 186 1
1 227 2 10 1
1 34 2 92 1
1 194 2 70 1
1 13 2 45 1
1 276 2 298 1
1 173 2 61 1
1 16 2 228 1
1 158 2 346 1
1 4 2 35 1
1 274 2 257 1
1 242 2 209 1
1 139 2 247 1
1 156 2 21 1
1 145 2 28 1
1 31 2 86 1
1 154 2 41 1
1 57 2 187 1
1 210 2 135 1
1 264 2 131 1
1 212 2 62 1
1 81 2 364 1
1 46 2 190 1
1 110 2 381 1
1 124 2 189 1
1 149 2 84 1
1 169 2 71 1
1 129 2 98 1
1 214 2 48 1
1 64 2 227 1
1 34 2 194 1
1 276 2 13 1
1 173 2 16 1
1 158 2 4 1
1 274 2 242 1
1 156 2 139 1
1 31 2 145 1
1 57 2 154 1
1 264 2 212 1
1 46 2 81 1
1 110 2 124 1
1 169 2 149 1
1 129 2 214 1
1 64 2 34 1
1 276 2 173 1
1 274 2 158 1
1 31 2 156 1
1 210 2 57 1
1 46 2 264 1
1 169 2 110 1
1 129 2 64 1
1 276 2 274 1
1 210 2 31 1
1 46 2 169 1
1 129 2 276 1
1 210 2 46 1
1 129 2 210 1
1 106 2 138 1
1 47 2 69 1
1 265 2 48 1
1 162 2 6 1
1 266 2 177 1
1 15 2 78 1
1 34 2 2 1
1 212 2 204 1
1 140 2 16 1
1 190 2 198 1
1 152 2 243 1
1 20 2 70 1
1 276 2 37 1
1 59 2 22 1
1 250 2 263 1
1 230 2 103 1
1 106 2 47 1
1 265 2 162 1
1 15 2 266 1
1 34 2 212 1
1 190 2 140 1
1 20 2 152 1
1 276 2 59 1
1 230 2 250 1
1 106 2 265 1
1 15 2 34 1
1 190 2 20 1
1 230 2 276 1
1 106 2 15 1
1 230 2 190 1
1 106 2 230 1
1 31 2 93 1
1 93 2 210 1
1 93 2 100 1
1 274 2 93 1
1 31 2 210 1
1 100 2 210 1
1 100 2 31 1
1 169 2 100 1
1 169 2 64 1
1 274 2 169 1
1 169 2 230 1
1 169 2 274 1
1 274 2 64 1
1 230 2 274 1
1 64 2 230 1
1 13 2 24 1
1 13 2 141 1
1 13 2 210 1
1 13 2 158 1
1 106 2 13 1
1 24 2 210 1
1 24 2 141 1
1 106 2 24 1
1 141 2 210 1
1 106 2 133 1
1 106 2 224 1
1 106 2 158 1
1 158 2 133 1
1 224 2 133 1
1 158 2 224 1
1 77 2 274 1
1 9 2 77 1
1 9 2 152 1
1 9 2 170 1
1 214 2 9 1
1 170 2 139 1
1 170 2 228 1
1 228 2 27 1
1 173 2 16 1
1 222 2 173 1
1 222 2 199 1
1 214 2 222 1
1 150 2 410 1
1 214 2 150 1
1 214 2 165 1
1 15 2 214 1
1 260 2 286 1
1 17 2 260 1
1 17 2 38 1
1 17 2 212 1
1 15 2 17 1
1 113 2 164 1
1 212 2 113 1
1 212 2 423 1
1 88 2 198 1
1 121 2 88 1
1 121 2 19 1
1 15 2 121 1
1 86 2 197 1
1 15 2 86 1
1 15 2 176 1
1 199 2 158 1
1 199 2 232 1
1 199 2 41 1
1 126 2 199 1
1 41 2 200 1
1 41 2 319 1
1 251 2 81 1
1 126 2 251 1
1 81 2 228 1
1 126 2 406 1
1 126 2 74 1
1 126 2 173 1
1 83 2 126 1
1 211 2 141 1
1 211 2 92 1
1 235 2 211 1
1 235 2 30 1
1 173 2 235 1
1 30 2 3 1
1 173 2 231 1
1 173 2 249 1
1 173 2 114 1
1 42 2 139 1
1 114 2 42 1
1 57 2 25 1
1 57 2 135 1
1 57 2 257 1
1 57 2 21 1
1 83 2 57 1
1 257 2 347 1
1 257 2 383 1
1 252 2 6 1
1 95 2 252 1
1 21 2 95 1
1 21 2 243 1
1 243 2 59 1
1 142 2 391 1
1 83 2 142 1
1 83 2 36 1
1 83 2 160 1
1 36 2 69 1
1 36 2 208 1
1 45 2 109 1
1 45 2 29 1
1 160 2 45 1
1 160 2 22 1
1 160 2 230 1
1 248 2 214 1
1 93 2 38 1
1 93 2 248 1
1 214 2 38 1
1 93 2 197 1
1 197 2 214 1
1 214 2 215 1
1 215 2 307 1
1 255 2 352 1
1 49 2 141 1
1 133 2 1 1
1 133 2 49 1
1 1 2 141 1
1 30 2 231 1
1 141 2 190 1
1 141 2 30 1
1 203 2 376 1
1 98 2 179 1
1 203 2 179 1
1 98 2 376 1
1 98 2 60 1
1 106 2 203 1
1 106 2 98 1
1 60 2 203 1
1 15 2 374 1
1 207 2 19 1
1 15 2 19 1
1 207 2 374 1
1 248 2 291 1
1 72 2 291 1
1 213 2 342 1
1 132 2 213 1
1 51 2 220 1
1 220 2 213 1
1 51 2 132 1
1 1 2 197 1
1 17 2 11 1
1 20 2 197 1
1 197 2 212 1
1 105 2 334 1
1 145 2 370 1
1 185 2 414 1
1 215 2 324 1
1 215 2 349 1
1 15 2 109 1
1 207 2 109 1
1 2 2 169 1
1 2 2 10 1
1 226 2 198 1
1 138 2 73 1
1 198 2 138 1
1 226 2 73 1
1 11 2 226 1
1 1 2 138 1
1 1 2 226 1
1 11 2 138 1
1 34 2 60 1
1 226 2 60 1
1 34 2 300 1
1 226 2 205 1
1 226 2 300 1
1 34 2 205 1
1 2 2 260 1
1 2 2 155 1
1 188 2 185 1
1 276 2 366 1
1 188 2 366 1
1 276 2 185 1
1 2 2 333 1
1 2 2 15 1
1 15 2 115 1
1 130 2 207 1
1 15 2 130 1
1 153 2 235 1
1 7 2 159 1
1 159 2 235 1
1 7 2 153 1
1 30 2 7 1
1 265 2 190 1
1 265 2 30 1
1 190 2 7 1
1 168 2 402 1
1 165 2 403 1
1 1 2 227 1
1 49 2 161 1
1 11 2 161 1
1 49 2 276 1
1 1 2 188 1
1 1 2 276 1
1 49 2 188 1
1 230 2 210 1
1 13 2 220 1
1 230 2 220 1
1 210 2 13 1
1 261 2 285 1
1 261 2 360 1
1 244 2 377 1
1 274 2 377 1
1 63 2 282 1
1 48 2 362 1
1 48 2 102 1
1 59 2 145 1
1 266 2 105 1
1 105 2 59 1
1 266 2 145 1
